3.451832e+13 3.632222e+13 3.643078e+13 3.674928e+13
3.430304e+13 3.661256e+13 3.710124e+13 3.569417e+13
3.530907e+13 3.687823e+13 3.683698e+13 3.550268e+13
3.487830e+13 3.760427e+13 3.692244e+13 3.577676e+13
3.491055e+13 3.808015e+13 3.680678e+13 3.555684e+13
3.519301e+13 3.799093e+13 3.669394e+13 3.524252e+13
3.682933e+13 3.846673e+13 3.746623e+13 3.598851e+13
3.705390e+13 3.829002e+13 3.746588e+13 3.608420e+13
3.728801e+13 3.825218e+13 3.744179e+13 3.694850e+13
3.725428e+13 3.783342e+13 3.798735e+13 3.759264e+13
3.684792e+13 3.788439e+13 3.822648e+13 3.857629e+13
3.773761e+13 3.718367e+13 3.804677e+13 3.972058e+13
3.900439e+13 3.810322e+13 3.853061e+13 4.086507e+13
3.985086e+13 3.823336e+13 3.826580e+13 4.075321e+13
3.967060e+13 3.863697e+13 3.916459e+13 4.100986e+13
4.021113e+13 3.889674e+13 3.925216e+13 4.104742e+13
4.081334e+13 3.963027e+13 3.993797e+13 4.053950e+13
4.022125e+13 3.998525e+13 4.065278e+13 4.116055e+13
4.069708e+13 4.082314e+13 4.087902e+13 3.989044e+13
4.173642e+13 4.090042e+13 4.109628e+13 4.195246e+13
4.155772e+13 4.130657e+13 4.122430e+13 4.167635e+13
4.042951e+13 4.143599e+13 4.094682e+13 4.098573e+13
4.046632e+13 4.210708e+13 4.172818e+13 4.123246e+13
4.018257e+13 4.202911e+13 4.200156e+13 4.227480e+13
4.098324e+13 4.332639e+13 4.182291e+13 4.199925e+13
4.210659e+13 4.417091e+13 4.302281e+13 4.291770e+13
4.229838e+13 4.307008e+13 4.323883e+13 4.415169e+13
4.258503e+13 4.431839e+13 4.481696e+13 4.581049e+13
4.305450e+13 4.536066e+13 4.545118e+13 4.572941e+13
4.486339e+13 4.576901e+13 4.640989e+13 4.687016e+13
4.446545e+13 4.515033e+13 4.660849e+13 4.727050e+13
4.425380e+13 4.538263e+13 4.760648e+13 4.871444e+13
4.514879e+13 4.667053e+13 4.877184e+13 5.018342e+13
4.593954e+13 4.723528e+13 4.962730e+13 4.982017e+13
4.785422e+13 4.788712e+13 4.948736e+13 4.978141e+13
4.794003e+13 4.867443e+13 5.087631e+13 5.055924e+13
4.938182e+13 4.935207e+13 5.207770e+13 5.023532e+13
5.153750e+13 4.965941e+13 5.290214e+13 5.106148e+13
5.218859e+13 5.106259e+13 5.410150e+13 5.342915e+13
5.313600e+13 5.233104e+13 5.492841e+13 5.479715e+13
5.470298e+13 5.332859e+13 5.628731e+13 5.405289e+13
5.740740e+13 5.715626e+13 5.643973e+13 5.651322e+13
5.863779e+13 5.877176e+13 5.623843e+13 5.676019e+13
5.973933e+13 6.031619e+13 5.798641e+13 5.728282e+13
6.273736e+13 6.297042e+13 5.977624e+13 5.871789e+13
6.587255e+13 6.509068e+13 6.193874e+13 6.032883e+13
6.587045e+13 6.642728e+13 6.421595e+13 6.287203e+13
6.776490e+13 6.771651e+13 6.678984e+13 6.567320e+13
7.044485e+13 7.112686e+13 7.151621e+13 7.033809e+13
7.352045e+13 7.536571e+13 7.489836e+13 7.353973e+13
7.789385e+13 8.162214e+13 7.999233e+13 7.694585e+13
8.300572e+13 8.641400e+13 8.468773e+13 7.851752e+13
9.300679e+13 9.372941e+13 9.036667e+13 8.506105e+13
1.008224e+14 1.026757e+14 9.963498e+13 9.419078e+13
1.142803e+14 1.136509e+14 1.110819e+14 1.062564e+14
1.303596e+14 1.294766e+14 1.279991e+14 1.258788e+14
1.493259e+14 1.500134e+14 1.522935e+14 1.485352e+14
1.914875e+14 1.885036e+14 1.926197e+14 1.937032e+14
2.746636e+14 2.708853e+14 2.799526e+14 2.706120e+14
4.432701e+14 4.458014e+14 4.493899e+14 4.354211e+14
6.614452e+14 6.667831e+14 6.812678e+14 6.833942e+14
8.356517e+14 8.319453e+14 8.322223e+14 8.369011e+14
9.705581e+14 9.585863e+14 9.522642e+14 9.507702e+14
1.024530e+15 1.059516e+15 1.013626e+15 1.048123e+15
1.079290e+15 1.079684e+15 1.044585e+15 1.060932e+15
1.041054e+15 1.052136e+15 1.021245e+15 1.068255e+15
9.765917e+14 9.730718e+14 9.570899e+14 9.595674e+14
8.277902e+14 8.287743e+14 8.241080e+14 8.268401e+14
6.422493e+14 6.408542e+14 6.497707e+14 6.184500e+14
4.168601e+14 4.172546e+14 4.159932e+14 3.860910e+14
2.732516e+14 2.641049e+14 2.637426e+14 2.622906e+14
1.961629e+14 1.916915e+14 1.895677e+14 1.880968e+14
1.508034e+14 1.525396e+14 1.485508e+14 1.429678e+14
1.238339e+14 1.298721e+14 1.260227e+14 1.194655e+14
1.124285e+14 1.120948e+14 1.119923e+14 1.087512e+14
1.016789e+14 9.994952e+13 1.018702e+14 9.769591e+13
9.195460e+13 9.050455e+13 9.121407e+13 9.132108e+13
8.565184e+13 8.518932e+13 8.099474e+13 8.200877e+13
7.886343e+13 7.860302e+13 7.399904e+13 7.474998e+13
7.320869e+13 7.309251e+13 7.216259e+13 7.171620e+13
7.063011e+13 6.914726e+13 6.983424e+13 6.960060e+13
6.753876e+13 6.565957e+13 6.577628e+13 6.709356e+13
6.528155e+13 6.356841e+13 6.408121e+13 6.355258e+13
6.389214e+13 6.166628e+13 6.097863e+13 6.150697e+13
6.168220e+13 5.882866e+13 5.881806e+13 5.841212e+13
5.975102e+13 5.799817e+13 5.755195e+13 5.625284e+13
5.868161e+13 5.656884e+13 5.658226e+13 5.582571e+13
5.551473e+13 5.485905e+13 5.552768e+13 5.567035e+13
5.395827e+13 5.429282e+13 5.472945e+13 5.542225e+13
5.482405e+13 5.301896e+13 5.256939e+13 5.441418e+13
5.455078e+13 5.243882e+13 5.100308e+13 5.174804e+13
5.249787e+13 5.131189e+13 5.026339e+13 4.994174e+13
5.121180e+13 4.950663e+13 5.010769e+13 5.025889e+13
5.127725e+13 5.002083e+13 4.998918e+13 5.010930e+13
5.037872e+13 4.979904e+13 4.972489e+13 4.884071e+13
4.923664e+13 4.935276e+13 4.865154e+13 4.752228e+13
4.741043e+13 4.778684e+13 4.772216e+13 4.683025e+13
4.739100e+13 4.632378e+13 4.684277e+13 4.639836e+13
4.676290e+13 4.526927e+13 4.585999e+13 4.512337e+13
4.520006e+13 4.451836e+13 4.577123e+13 4.501900e+13
4.483341e+13 4.428244e+13 4.477736e+13 4.496094e+13
4.384727e+13 4.425117e+13 4.436299e+13 4.392068e+13
4.327738e+13 4.355235e+13 4.396665e+13 4.376587e+13
4.218359e+13 4.304319e+13 4.372781e+13 4.333298e+13
4.202964e+13 4.196710e+13 4.426582e+13 4.353012e+13
4.153213e+13 4.142301e+13 4.418076e+13 4.176374e+13
4.041887e+13 4.073697e+13 4.328291e+13 4.135030e+13
4.049518e+13 4.108494e+13 4.260679e+13 4.161612e+13
4.107452e+13 4.193361e+13 4.359075e+13 4.160085e+13
4.064957e+13 4.092514e+13 4.352531e+13 4.124927e+13
3.975897e+13 4.016724e+13 4.201156e+13 4.032998e+13
3.932270e+13 4.047525e+13 4.141382e+13 3.964034e+13
3.968556e+13 3.968524e+13 4.122843e+13 3.943694e+13
4.001403e+13 3.991420e+13 4.073465e+13 3.876699e+13
3.965311e+13 3.923292e+13 3.996771e+13 3.870576e+13
4.037274e+13 3.838782e+13 3.902097e+13 3.806251e+13
3.958172e+13 3.870337e+13 3.856826e+13 3.837370e+13
3.898766e+13 3.833307e+13 3.886067e+13 3.845756e+13
3.881966e+13 3.791074e+13 3.856655e+13 3.907318e+13
3.952678e+13 3.773227e+13 3.719584e+13 3.773984e+13
3.829028e+13 3.724003e+13 3.744140e+13 3.816663e+13
3.743707e+13 3.710512e+13 3.771257e+13 3.913024e+13
3.735598e+13 3.700481e+13 3.744297e+13 3.771438e+13
3.831987e+13 3.717975e+13 3.670201e+13 3.649085e+13
3.889847e+13 3.728156e+13 3.656638e+13 3.660639e+13
3.949227e+13 3.731986e+13 3.633776e+13 3.713442e+13
3.862331e+13 3.675869e+13 3.607618e+13 3.611393e+13
3.814982e+13 3.640085e+13 3.584552e+13 3.542386e+13
3.839111e+13 3.603645e+13 3.497597e+13 3.497959e+13
