2.494065e+13 2.593521e+13 2.838738e+13 2.799456e+13
2.602596e+13 2.658406e+13 2.816594e+13 2.832405e+13
2.695805e+13 2.703975e+13 2.893659e+13 2.852391e+13
2.606532e+13 2.757929e+13 2.922701e+13 2.890729e+13
2.703678e+13 2.756543e+13 2.863835e+13 2.878121e+13
2.634866e+13 2.694359e+13 2.835549e+13 3.025184e+13
2.699542e+13 2.722598e+13 2.752168e+13 3.040805e+13
2.736660e+13 2.755936e+13 2.780385e+13 2.998492e+13
2.873747e+13 2.782704e+13 2.787523e+13 2.983546e+13
2.885261e+13 2.753098e+13 2.804939e+13 2.884859e+13
2.833573e+13 2.633278e+13 2.826747e+13 2.808942e+13
2.796720e+13 2.705963e+13 2.845977e+13 2.795953e+13
2.722182e+13 2.766298e+13 2.907465e+13 2.736578e+13
2.860300e+13 2.795101e+13 2.924210e+13 2.741447e+13
2.880090e+13 2.812978e+13 2.974558e+13 2.727426e+13
2.950518e+13 2.817590e+13 2.950067e+13 2.836724e+13
3.000188e+13 2.924882e+13 2.974265e+13 2.976134e+13
3.038559e+13 2.975767e+13 3.086152e+13 3.044513e+13
3.128307e+13 3.034274e+13 3.060417e+13 2.984355e+13
3.163804e+13 3.181022e+13 3.102554e+13 2.847581e+13
3.172959e+13 3.195728e+13 3.105264e+13 2.937815e+13
3.093220e+13 3.268941e+13 3.151282e+13 3.079682e+13
3.031971e+13 3.240896e+13 3.113307e+13 3.142866e+13
3.131166e+13 3.174516e+13 3.193682e+13 3.181224e+13
3.338709e+13 3.297042e+13 3.147073e+13 3.091748e+13
3.377068e+13 3.315927e+13 3.152691e+13 3.067440e+13
3.260482e+13 3.309434e+13 3.258584e+13 3.059276e+13
3.294344e+13 3.367382e+13 3.351056e+13 3.161460e+13
3.348310e+13 3.446745e+13 3.363787e+13 3.213603e+13
3.379011e+13 3.492008e+13 3.408035e+13 3.258469e+13
3.587179e+13 3.601847e+13 3.401271e+13 3.273150e+13
3.564121e+13 3.643951e+13 3.452376e+13 3.223957e+13
3.726152e+13 3.694296e+13 3.588176e+13 3.297302e+13
3.791208e+13 3.704048e+13 3.779449e+13 3.361942e+13
3.742486e+13 3.763189e+13 3.932043e+13 3.595593e+13
3.883888e+13 3.884417e+13 3.984258e+13 3.794043e+13
4.007050e+13 3.946163e+13 3.974595e+13 3.857846e+13
4.017440e+13 4.074064e+13 3.990079e+13 3.974790e+13
4.139908e+13 4.317502e+13 4.068698e+13 4.192249e+13
4.062364e+13 4.356152e+13 4.109305e+13 4.224650e+13
4.200837e+13 4.374612e+13 4.112773e+13 4.204776e+13
4.317906e+13 4.439886e+13 4.175454e+13 4.234754e+13
4.503369e+13 4.487582e+13 4.326455e+13 4.362352e+13
4.742171e+13 4.550878e+13 4.597824e+13 4.559763e+13
4.842963e+13 4.561630e+13 4.669395e+13 4.584206e+13
4.803116e+13 4.561781e+13 4.803977e+13 4.453971e+13
4.899489e+13 4.786210e+13 4.951861e+13 4.720508e+13
4.865243e+13 5.096152e+13 5.110924e+13 4.871493e+13
5.022700e+13 5.256145e+13 5.195435e+13 5.223198e+13
5.163910e+13 5.455720e+13 5.465579e+13 5.808722e+13
5.485877e+13 5.726235e+13 5.783612e+13 5.826761e+13
6.232119e+13 6.410122e+13 5.957404e+13 6.339868e+13
6.773372e+13 6.901693e+13 6.630930e+13 7.313166e+13
7.214758e+13 7.537663e+13 7.657924e+13 8.397388e+13
8.143972e+13 8.382493e+13 8.466230e+13 9.008930e+13
9.685224e+13 9.859635e+13 9.494038e+13 1.010261e+14
1.110205e+14 1.122171e+14 1.105364e+14 1.128407e+14
1.409607e+14 1.439223e+14 1.440602e+14 1.466764e+14
2.099352e+14 2.093242e+14 2.081729e+14 2.156826e+14
3.471992e+14 3.488227e+14 3.430956e+14 3.539208e+14
5.760161e+14 5.688141e+14 5.514184e+14 5.552638e+14
7.867686e+14 7.819709e+14 7.848611e+14 7.579835e+14
8.767125e+14 8.897917e+14 9.016704e+14 8.993840e+14
9.664616e+14 9.458489e+14 9.701411e+14 9.632987e+14
9.489979e+14 9.471886e+14 9.957764e+14 9.672119e+14
9.342684e+14 9.313737e+14 9.480885e+14 9.150144e+14
8.387834e+14 8.336521e+14 8.678878e+14 8.598275e+14
7.357693e+14 7.356923e+14 7.311869e+14 7.451699e+14
5.266996e+14 5.113760e+14 5.181182e+14 5.441153e+14
3.130416e+14 3.119380e+14 3.200922e+14 3.262731e+14
1.810015e+14 1.873963e+14 1.909810e+14 1.878722e+14
1.307322e+14 1.318813e+14 1.337250e+14 1.356216e+14
1.060559e+14 1.024423e+14 1.079471e+14 1.119908e+14
9.354810e+13 9.091542e+13 9.309962e+13 1.006603e+14
8.250129e+13 8.085133e+13 8.181870e+13 8.768582e+13
7.514172e+13 7.565256e+13 7.368771e+13 7.814401e+13
6.811963e+13 7.072953e+13 6.691205e+13 7.344225e+13
6.521550e+13 6.555077e+13 6.251247e+13 6.705710e+13
6.075584e+13 6.130072e+13 5.921819e+13 5.984922e+13
5.607497e+13 5.778268e+13 5.747894e+13 5.591555e+13
5.385462e+13 5.283681e+13 5.506107e+13 5.201274e+13
5.063169e+13 4.921949e+13 5.233665e+13 4.928038e+13
5.019973e+13 4.855016e+13 4.919117e+13 5.018474e+13
4.571549e+13 4.696524e+13 5.019453e+13 4.951773e+13
4.459528e+13 4.553452e+13 4.758259e+13 4.779742e+13
4.327685e+13 4.429603e+13 4.392708e+13 4.505502e+13
3.985649e+13 4.207756e+13 4.319107e+13 4.352085e+13
3.976742e+13 4.121291e+13 4.286358e+13 4.353690e+13
3.990813e+13 4.035741e+13 4.053925e+13 4.049884e+13
4.137202e+13 4.000229e+13 4.003652e+13 3.960288e+13
4.133493e+13 3.883249e+13 3.946092e+13 3.883475e+13
3.828080e+13 3.874228e+13 4.002777e+13 3.864493e+13
3.599249e+13 3.795327e+13 3.914824e+13 3.779283e+13
3.600684e+13 3.705393e+13 3.834354e+13 3.705009e+13
3.569833e+13 3.537386e+13 3.801631e+13 3.638672e+13
3.528253e+13 3.552290e+13 3.679358e+13 3.448865e+13
3.356053e+13 3.484454e+13 3.647343e+13 3.474234e+13
3.373239e+13 3.432081e+13 3.559355e+13 3.410313e+13
3.418111e+13 3.552815e+13 3.449981e+13 3.270817e+13
3.484040e+13 3.517166e+13 3.456246e+13 3.258214e+13
3.322827e+13 3.425985e+13 3.453394e+13 3.154086e+13
3.356118e+13 3.406084e+13 3.302465e+13 3.062722e+13
3.435403e+13 3.359575e+13 3.258604e+13 2.964203e+13
3.381824e+13 3.229044e+13 3.276739e+13 3.104470e+13
3.241851e+13 3.181252e+13 3.235792e+13 3.011441e+13
3.186621e+13 3.172580e+13 3.215458e+13 2.867171e+13
3.115820e+13 3.180677e+13 3.192948e+13 2.848594e+13
2.995828e+13 3.118386e+13 3.113658e+13 2.856121e+13
2.957164e+13 2.975336e+13 3.069878e+13 3.053920e+13
2.888242e+13 2.939074e+13 3.092180e+13 3.083198e+13
2.908578e+13 2.932638e+13 3.097338e+13 3.115142e+13
2.915299e+13 2.906363e+13 2.945767e+13 3.069045e+13
2.961772e+13 2.963552e+13 2.931702e+13 2.995346e+13
2.868090e+13 2.884562e+13 2.939827e+13 2.850331e+13
2.934924e+13 2.786176e+13 2.981867e+13 2.890377e+13
2.968612e+13 2.704481e+13 2.922853e+13 2.902834e+13
2.853915e+13 2.646043e+13 2.888424e+13 2.953629e+13
2.839661e+13 2.661827e+13 2.895466e+13 2.881404e+13
2.845483e+13 2.613597e+13 2.815213e+13 2.740741e+13
2.922407e+13 2.685259e+13 2.811260e+13 2.761184e+13
2.834607e+13 2.748884e+13 2.809353e+13 2.718659e+13
2.760166e+13 2.785448e+13 2.756476e+13 2.766598e+13
2.711515e+13 2.756068e+13 2.812619e+13 2.804109e+13
2.730211e+13 2.760091e+13 2.894631e+13 2.758356e+13
2.632582e+13 2.781495e+13 2.876453e+13 2.663495e+13
2.623451e+13 2.779393e+13 2.804650e+13 2.726776e+13
2.473344e+13 2.768828e+13 2.777514e+13 2.749588e+13
2.418676e+13 2.708546e+13 2.687291e+13 2.652231e+13
2.559293e+13 2.671774e+13 2.624565e+13 2.622159e+13
