0.000000e+00 -0.000000e+00 -0.000000e+00 0.000000e+00
-1.197793e+00 -7.721540e+00 -1.424529e+01 -2.076903e+01
-2.620189e+00 -1.293507e+01 -2.324994e+01 -3.356482e+01
-2.937902e+00 -3.694661e+00 -4.451421e+00 -5.208181e+00
3.194792e+00 7.646848e-01 -1.665422e+00 -4.095529e+00
-1.292375e+01 -5.836710e+00 1.250335e+00 8.337380e+00
1.771154e+01 8.014924e+00 -1.681690e+00 -1.137830e+01
4.021622e+01 1.890492e+01 -2.406389e+00 -2.371769e+01
4.180298e+01 2.129142e+01 7.798531e-01 -1.973171e+01
9.308938e+00 5.870502e-01 -8.134837e+00 -1.685672e+01
-6.980821e-01 -5.085008e+00 -9.471934e+00 -1.385886e+01
6.412823e+00 -5.981667e+00 -1.837616e+01 -3.077065e+01
8.520886e+00 8.097389e-01 -6.901408e+00 -1.461256e+01
1.768767e+01 5.378437e+00 -6.930794e+00 -1.924002e+01
8.832522e+00 7.968614e+00 7.104707e+00 6.240800e+00
1.047078e+01 9.461879e+00 8.452980e+00 7.444081e+00
-1.574713e+01 -7.256183e+00 1.234767e+00 9.725716e+00
-3.212798e+01 -2.242979e+01 -1.273159e+01 -3.033399e+00
-1.104738e+01 -1.022866e+01 -9.409947e+00 -8.591228e+00
-2.590900e+01 -1.172738e+01 2.454249e+00 1.663587e+01
-2.821670e+01 -1.533991e+01 -2.463134e+00 1.041365e+01
-4.912125e+01 -3.157323e+01 -1.402521e+01 3.522810e+00
-1.792575e+01 -4.191327e+00 9.543098e+00 2.327752e+01
3.099541e-01 1.128631e+01 2.226267e+01 3.323903e+01
-1.311865e+01 -1.993463e+00 9.131722e+00 2.025691e+01
-2.743748e+01 -2.087115e+01 -1.430483e+01 -7.738507e+00
-3.351872e+01 -1.884938e+01 -4.180037e+00 1.048931e+01
-4.219455e+01 -2.469469e+01 -7.194827e+00 1.030503e+01
-1.890329e+01 -2.416826e+01 -2.943324e+01 -3.469821e+01
-1.234577e+01 -1.069355e+01 -9.041327e+00 -7.389107e+00
3.099404e+00 2.022657e+00 9.459106e-01 -1.308359e-01
-1.486918e+01 -3.628452e+00 7.612272e+00 1.885300e+01
-2.318551e+01 -1.725762e+01 -1.132973e+01 -5.401845e+00
-3.192168e+01 -2.429688e+01 -1.667209e+01 -9.047294e+00
-2.822499e+01 -2.712390e+01 -2.602281e+01 -2.492172e+01
5.560086e-01 -1.250150e+01 -2.555901e+01 -3.861653e+01
3.550591e+00 -3.069141e+00 -9.688873e+00 -1.630860e+01
2.121215e+01 1.906256e+01 1.691296e+01 1.476337e+01
-8.441393e+00 5.383644e+00 1.920868e+01 3.303372e+01
1.806491e+01 2.102323e+01 2.398155e+01 2.693988e+01
3.374655e+01 3.795848e+01 4.217042e+01 4.638235e+01
3.498723e+01 3.936393e+01 4.374062e+01 4.811732e+01
2.425903e+01 3.402631e+01 4.379359e+01 5.356087e+01
4.674014e+01 4.357160e+01 4.040307e+01 3.723454e+01
1.145372e+01 1.455833e+01 1.766294e+01 2.076755e+01
-3.365654e+01 -1.744339e+01 -1.230245e+00 1.498290e+01
-3.070727e+01 -1.496974e+01 7.677796e-01 1.650530e+01
-4.457448e+01 -2.703393e+01 -9.493374e+00 8.047181e+00
-3.536110e+01 -2.507496e+01 -1.478883e+01 -4.502691e+00
2.723894e+01 1.818070e+01 9.122455e+00 6.421291e-02
3.655357e+01 3.549974e+01 3.444592e+01 3.339210e+01
3.941963e+01 3.667621e+01 3.393278e+01 3.118936e+01
-1.698604e+01 -9.439408e+00 -1.892780e+00 5.653849e+00
-2.653864e+01 -2.017185e+01 -1.380506e+01 -7.438270e+00
-1.976956e+01 -2.682219e+01 -3.387482e+01 -4.092745e+01
1.483892e+01 6.075789e+00 -2.687344e+00 -1.145048e+01
1.562291e+01 8.309633e+00 9.963592e-01 -6.316915e+00
1.439644e+01 2.597692e+01 3.755740e+01 4.913788e+01
-3.112290e+01 2.102403e+01 7.317097e+01 1.253179e+02
-1.731057e+01 2.532895e+01 6.796848e+01 1.106080e+02
2.832715e+01 2.241433e+01 1.650151e+01 1.058868e+01
-2.660156e+01 3.930298e+00 3.446215e+01 6.499401e+01
-1.118098e+01 1.336711e+00 1.385440e+01 2.637210e+01
-4.796814e+01 -1.587923e+01 1.620968e+01 4.829859e+01
-1.011324e+02 -3.497876e+01 3.117487e+01 9.732849e+01
-3.067694e+01 -2.163184e+01 -1.258674e+01 -3.541635e+00
-3.040028e+01 -1.806534e+01 -5.730411e+00 6.604522e+00
2.508598e+00 1.483196e+01 2.715531e+01 3.947867e+01
5.784387e+01 3.151302e+01 5.182171e+00 -2.114868e+01
6.135104e+01 4.777995e+01 3.420887e+01 2.063778e+01
-4.840212e+01 -2.611321e+01 -3.824298e+00 1.846462e+01
-2.539018e+01 -4.817169e+00 1.575584e+01 3.632886e+01
5.717121e+00 -4.856931e+00 -1.543098e+01 -2.600503e+01
-1.152165e+01 -1.179667e+01 -1.207168e+01 -1.234669e+01
5.404170e+01 1.980047e+01 -1.444077e+01 -4.868201e+01
2.984322e+01 5.747659e+00 -1.834790e+01 -4.244347e+01
-4.253367e+00 4.439852e+00 1.313307e+01 2.182629e+01
-6.753815e+00 -9.194936e+00 -1.163606e+01 -1.407718e+01
-1.182656e+01 -1.493748e+01 -1.804840e+01 -2.115932e+01
-5.997932e+00 -3.345159e+00 -6.923864e-01 1.960387e+00
-9.459811e+00 -1.989710e+00 5.480391e+00 1.295049e+01
-2.394834e+01 -6.085667e+00 1.177700e+01 2.963967e+01
-1.305164e+01 1.121629e+00 1.529490e+01 2.946817e+01
6.503204e+00 -3.869402e+00 -1.424201e+01 -2.461461e+01
-2.673314e+01 -2.014060e+01 -1.354806e+01 -6.955519e+00
-1.737774e+01 -9.542518e+00 -1.707296e+00 6.127927e+00
-7.148383e+00 3.128525e+00 1.340543e+01 2.368234e+01
-2.290288e+01 -1.043959e+01 2.023699e+00 1.448699e+01
-4.054125e+01 -2.690563e+01 -1.327000e+01 3.656231e-01
-3.568150e+01 -2.997388e+01 -2.426626e+01 -1.855864e+01
-2.327537e+00 -3.092457e+00 -3.857376e+00 -4.622296e+00
1.895009e+01 1.426996e+01 9.589818e+00 4.909680e+00
-1.604294e+01 -8.565885e+00 -1.088831e+00 6.388223e+00
-1.417716e+00 2.043360e+00 5.504436e+00 8.965512e+00
1.489339e+01 1.049330e+01 6.093202e+00 1.693106e+00
2.461983e+01 1.292833e+01 1.236841e+00 -1.045465e+01
-2.408050e+01 -1.442619e+01 -4.771874e+00 4.882441e+00
-1.479754e+01 -1.805507e+01 -2.131260e+01 -2.457012e+01
-1.013650e+01 -8.084225e+00 -6.031953e+00 -3.979680e+00
7.430908e+00 3.940149e+00 4.493902e-01 -3.041369e+00
-5.347603e+00 1.380731e+00 8.109065e+00 1.483740e+01
1.145856e+01 9.461669e+00 7.464780e+00 5.467890e+00
1.562889e+01 1.431777e+01 1.300666e+01 1.169554e+01
2.562383e+01 1.258923e+01 -4.453712e-01 -1.347997e+01
1.560602e+00 -2.991832e+00 -7.544265e+00 -1.209670e+01
-2.249030e+01 -1.319308e+01 -3.895861e+00 5.401356e+00
-2.164077e+01 -7.632109e+00 6.376550e+00 2.038521e+01
-1.801821e+01 -5.027777e-01 1.701265e+01 3.452808e+01
-3.401291e+01 -2.632082e+00 2.874874e+01 6.012957e+01
-1.279548e+00 6.208347e+00 1.369624e+01 2.118414e+01
7.493462e+00 2.998084e+00 -1.497294e+00 -5.992672e+00
1.269878e+00 -4.165847e+00 -9.601573e+00 -1.503730e+01
1.191284e+01 1.060259e+01 9.292349e+00 7.982106e+00
-1.165659e+01 6.238522e-02 1.178136e+01 2.350033e+01
-1.783454e+01 -2.166872e+00 1.350079e+01 2.916846e+01
1.726934e+00 1.034847e+01 1.897000e+01 2.759153e+01
1.006042e+01 1.269019e+01 1.531996e+01 1.794973e+01
-8.195461e+00 -7.977416e+00 -7.759371e+00 -7.541326e+00
-2.733050e+01 -2.457165e+01 -2.181279e+01 -1.905394e+01
-2.273286e+01 -1.961944e+01 -1.650601e+01 -1.339259e+01
-3.653424e+01 -2.533910e+01 -1.414396e+01 -2.948818e+00
-2.127841e+01 -1.379462e+01 -6.310828e+00 1.172961e+00
-6.577717e+00 -5.657730e+00 -4.737743e+00 -3.817756e+00
-2.126501e+01 -1.903491e+01 -1.680480e+01 -1.457470e+01
-8.259144e+00 -9.932776e+00 -1.160641e+01 -1.328004e+01
-8.191547e-01 -4.433786e+00 -8.048418e+00 -1.166305e+01
-4.214322e+00 -4.850042e+00 -5.485762e+00 -6.121482e+00
-8.219467e+00 -5.764410e+00 -3.309353e+00 -8.542967e-01
0.000000e+00 -0.000000e+00 -0.000000e+00 0.000000e+00
