-5.101881e+04 -5.100469e+04 -5.104871e+04 -5.106098e+04
-5.041585e+04 -5.041348e+04 -5.042878e+04 -5.043673e+04
-4.981288e+04 -4.982228e+04 -4.980885e+04 -4.981249e+04
-4.922265e+04 -4.922275e+04 -4.920895e+04 -4.920117e+04
-4.863285e+04 -4.863348e+04 -4.863500e+04 -4.862778e+04
-4.803459e+04 -4.803216e+04 -4.802734e+04 -4.803218e+04
-4.742281e+04 -4.740106e+04 -4.739806e+04 -4.740471e+04
-4.680059e+04 -4.678771e+04 -4.678731e+04 -4.678525e+04
-4.617800e+04 -4.619276e+04 -4.619632e+04 -4.619849e+04
-4.558263e+04 -4.559950e+04 -4.560901e+04 -4.560976e+04
-4.501359e+04 -4.501268e+04 -4.502016e+04 -4.502292e+04
-4.441420e+04 -4.440993e+04 -4.440830e+04 -4.440736e+04
-4.377898e+04 -4.377072e+04 -4.376762e+04 -4.375928e+04
-4.313467e+04 -4.313588e+04 -4.312751e+04 -4.312187e+04
-4.246671e+04 -4.247749e+04 -4.246263e+04 -4.246211e+04
-4.179450e+04 -4.180521e+04 -4.180972e+04 -4.181108e+04
-4.113892e+04 -4.115225e+04 -4.117081e+04 -4.117343e+04
-4.047480e+04 -4.047572e+04 -4.047777e+04 -4.048637e+04
-3.980108e+04 -3.979512e+04 -3.979038e+04 -3.977993e+04
-3.913722e+04 -3.913649e+04 -3.914233e+04 -3.912954e+04
-3.845175e+04 -3.846545e+04 -3.847159e+04 -3.848193e+04
-3.778389e+04 -3.778097e+04 -3.777274e+04 -3.776896e+04
-3.713335e+04 -3.710759e+04 -3.709049e+04 -3.707130e+04
-3.642401e+04 -3.642067e+04 -3.642181e+04 -3.642108e+04
-3.569301e+04 -3.570690e+04 -3.572517e+04 -3.574347e+04
-3.498472e+04 -3.499725e+04 -3.500157e+04 -3.501056e+04
-3.428655e+04 -3.429343e+04 -3.429038e+04 -3.428632e+04
-3.356445e+04 -3.355451e+04 -3.356977e+04 -3.357976e+04
-3.281846e+04 -3.280595e+04 -3.280446e+04 -3.280780e+04
-3.206566e+04 -3.206035e+04 -3.203947e+04 -3.202997e+04
-3.128057e+04 -3.127887e+04 -3.127350e+04 -3.126221e+04
-3.046533e+04 -3.047076e+04 -3.048461e+04 -3.048304e+04
-2.965777e+04 -2.966455e+04 -2.967843e+04 -2.968883e+04
-2.884049e+04 -2.884520e+04 -2.885036e+04 -2.885989e+04
-2.801978e+04 -2.800988e+04 -2.800799e+04 -2.801877e+04
-2.719743e+04 -2.718900e+04 -2.717338e+04 -2.717267e+04
-2.634444e+04 -2.634080e+04 -2.631287e+04 -2.629833e+04
-2.545593e+04 -2.545998e+04 -2.544747e+04 -2.543108e+04
-2.458050e+04 -2.457648e+04 -2.457854e+04 -2.456941e+04
-2.374152e+04 -2.372399e+04 -2.370894e+04 -2.370103e+04
-2.285712e+04 -2.285498e+04 -2.283878e+04 -2.283523e+04
-2.190204e+04 -2.190741e+04 -2.190597e+04 -2.190579e+04
-2.094737e+04 -2.093986e+04 -2.094316e+04 -2.094320e+04
-1.993930e+04 -1.994320e+04 -1.995877e+04 -1.996933e+04
-1.888703e+04 -1.891616e+04 -1.894805e+04 -1.895779e+04
-1.789289e+04 -1.790496e+04 -1.792242e+04 -1.792186e+04
-1.685532e+04 -1.685848e+04 -1.686491e+04 -1.686675e+04
-1.575573e+04 -1.576292e+04 -1.576584e+04 -1.577848e+04
-1.466348e+04 -1.464718e+04 -1.461827e+04 -1.462856e+04
-1.350092e+04 -1.347496e+04 -1.344035e+04 -1.342572e+04
-1.223197e+04 -1.222180e+04 -1.221347e+04 -1.219699e+04
-1.084545e+04 -1.085861e+04 -1.089039e+04 -1.089495e+04
-9.393366e+03 -9.408305e+03 -9.450214e+03 -9.456043e+03
-7.845982e+03 -7.847665e+03 -7.863364e+03 -7.879647e+03
-6.163825e+03 -6.161514e+03 -6.137577e+03 -6.150396e+03
-4.417478e+03 -4.410352e+03 -4.382346e+03 -4.375481e+03
-2.799987e+03 -2.797162e+03 -2.780086e+03 -2.756917e+03
-1.504029e+03 -1.510037e+03 -1.491315e+03 -1.437862e+03
-6.946899e+02 -7.015549e+02 -6.953378e+02 -6.711438e+02
-3.845149e+02 -3.598275e+02 -3.831246e+02 -4.164970e+02
-2.189092e+02 -2.226411e+02 -2.403079e+02 -2.561474e+02
-1.055109e+02 -1.451433e+02 -1.265885e+02 -1.477904e+02
-7.160395e+01 -8.020723e+01 -9.141347e+01 -9.845971e+01
-3.410928e+00 -9.030072e+00 -3.972640e+01 8.290389e+00
-4.244074e+01 -3.700993e+01 -4.819335e+01 -6.580634e+01
-8.176218e+01 -5.923536e+01 -6.484877e+01 -9.614064e+01
-6.706945e+01 -6.926349e+01 -3.060566e+01 -2.952144e+01
-1.505272e+01 1.518942e+01 3.452564e+01 2.610200e+01
8.034241e+01 1.270465e+02 1.132904e+02 1.341000e+02
1.529992e+01 -2.132605e+01 -4.232631e+01 -3.033252e+01
7.268331e+01 2.901641e+01 2.008619e+01 1.056339e+01
9.471810e+02 9.562080e+02 9.684373e+02 9.446013e+02
2.689308e+03 2.696983e+03 2.682329e+03 2.669155e+03
4.631774e+03 4.643868e+03 4.656431e+03 4.644858e+03
6.504382e+03 6.516818e+03 6.521927e+03 6.510542e+03
8.244416e+03 8.227560e+03 8.229055e+03 8.255133e+03
9.806909e+03 9.793674e+03 9.791966e+03 9.800386e+03
1.125659e+04 1.125223e+04 1.123721e+04 1.122105e+04
1.262643e+04 1.262026e+04 1.263228e+04 1.263120e+04
1.391432e+04 1.391167e+04 1.392726e+04 1.393520e+04
1.512489e+04 1.512690e+04 1.512215e+04 1.513937e+04
1.627242e+04 1.628118e+04 1.627553e+04 1.629100e+04
1.735347e+04 1.736651e+04 1.735569e+04 1.734049e+04
1.844048e+04 1.843542e+04 1.841922e+04 1.840658e+04
1.950650e+04 1.949554e+04 1.950083e+04 1.950808e+04
2.049218e+04 2.049513e+04 2.051545e+04 2.052208e+04
2.143820e+04 2.143610e+04 2.143730e+04 2.143983e+04
2.234226e+04 2.233209e+04 2.231223e+04 2.230541e+04
2.321777e+04 2.321396e+04 2.319823e+04 2.318767e+04
2.408857e+04 2.409993e+04 2.411239e+04 2.410934e+04
2.497238e+04 2.498962e+04 2.501662e+04 2.502347e+04
2.587577e+04 2.587760e+04 2.587029e+04 2.588036e+04
2.669273e+04 2.668654e+04 2.668050e+04 2.668245e+04
2.746658e+04 2.747494e+04 2.748564e+04 2.748213e+04
2.829280e+04 2.830492e+04 2.830368e+04 2.830065e+04
2.912723e+04 2.912090e+04 2.910231e+04 2.911004e+04
2.992274e+04 2.991087e+04 2.989175e+04 2.988832e+04
3.070138e+04 3.069757e+04 3.070772e+04 3.069631e+04
3.148152e+04 3.148013e+04 3.150351e+04 3.150189e+04
3.225215e+04 3.225918e+04 3.226162e+04 3.227332e+04
3.300680e+04 3.301361e+04 3.301232e+04 3.302063e+04
3.372974e+04 3.373159e+04 3.374268e+04 3.373649e+04
3.445065e+04 3.445248e+04 3.445378e+04 3.444457e+04
3.516659e+04 3.516384e+04 3.514928e+04 3.514329e+04
3.587703e+04 3.586480e+04 3.585125e+04 3.586135e+04
3.658480e+04 3.657782e+04 3.658016e+04 3.659174e+04
3.729390e+04 3.729315e+04 3.730659e+04 3.731406e+04
3.797886e+04 3.797264e+04 3.798386e+04 3.799502e+04
3.865350e+04 3.865631e+04 3.866021e+04 3.865299e+04
3.933680e+04 3.934563e+04 3.934243e+04 3.931539e+04
4.001390e+04 4.001635e+04 4.000353e+04 3.999305e+04
4.068558e+04 4.068772e+04 4.069318e+04 4.069851e+04
4.136221e+04 4.135755e+04 4.136643e+04 4.137894e+04
4.203250e+04 4.202433e+04 4.201973e+04 4.202854e+04
4.268295e+04 4.268823e+04 4.269324e+04 4.269542e+04
4.330565e+04 4.331352e+04 4.332051e+04 4.331534e+04
4.393347e+04 4.392769e+04 4.391514e+04 4.390096e+04
4.457423e+04 4.456450e+04 4.453697e+04 4.452737e+04
4.518671e+04 4.518723e+04 4.517506e+04 4.517848e+04
4.578650e+04 4.578389e+04 4.578573e+04 4.579156e+04
4.638309e+04 4.638166e+04 4.638891e+04 4.639185e+04
4.698490e+04 4.699249e+04 4.700458e+04 4.700189e+04
4.760697e+04 4.760556e+04 4.760173e+04 4.759506e+04
4.820874e+04 4.820876e+04 4.820447e+04 4.820189e+04
4.879284e+04 4.880338e+04 4.880744e+04 4.881214e+04
4.940747e+04 4.941243e+04 4.941255e+04 4.941855e+04
5.002865e+04 5.002432e+04 5.002732e+04 5.002906e+04
5.063002e+04 5.062816e+04 5.063487e+04 5.063365e+04
5.123138e+04 5.123200e+04 5.124241e+04 5.123824e+04
