0.000000e+00 0.000000e+00 0.000000e+00 0.000000e+00
2.654987e+01 2.654378e+01 2.655795e+01 2.655869e+01
5.277909e+01 5.277662e+01 5.279263e+01 5.280096e+01
7.869773e+01 7.870148e+01 7.870159e+01 7.870614e+01
1.043090e+02 1.043067e+02 1.043082e+02 1.043084e+02
1.296102e+02 1.296147e+02 1.296164e+02 1.296133e+02
1.545953e+02 1.545904e+02 1.545869e+02 1.545921e+02
1.792560e+02 1.792376e+02 1.792362e+02 1.792402e+02
2.035896e+02 2.035712e+02 2.035673e+02 2.035704e+02
2.275986e+02 2.275957e+02 2.275980e+02 2.276042e+02
2.513089e+02 2.513082e+02 2.513143e+02 2.513181e+02
2.747222e+02 2.747183e+02 2.747285e+02 2.747376e+02
2.978051e+02 2.977999e+02 2.978042e+02 2.978071e+02
3.205533e+02 3.205408e+02 3.205477e+02 3.205481e+02
3.429617e+02 3.429577e+02 3.429533e+02 3.429503e+02
3.650107e+02 3.650094e+02 3.650008e+02 3.650006e+02
3.867153e+02 3.867226e+02 3.867229e+02 3.867213e+02
4.080780e+02 4.080907e+02 4.081015e+02 4.081040e+02
4.290873e+02 4.290956e+02 4.290980e+02 4.291054e+02
4.497447e+02 4.497512e+02 4.497570e+02 4.497486e+02
4.700591e+02 4.700666e+02 4.700752e+02 4.700692e+02
4.899989e+02 4.900197e+02 4.900319e+02 4.900344e+02
5.096141e+02 5.096186e+02 5.096185e+02 5.096086e+02
5.288729e+02 5.288667e+02 5.288611e+02 5.288434e+02
5.477455e+02 5.477464e+02 5.477476e+02 5.477369e+02
5.662390e+02 5.662474e+02 5.662608e+02 5.662624e+02
5.843701e+02 5.843842e+02 5.843899e+02 5.843886e+02
6.021327e+02 6.021483e+02 6.021586e+02 6.021559e+02
6.195079e+02 6.195116e+02 6.195332e+02 6.195424e+02
6.364896e+02 6.364921e+02 6.365008e+02 6.365015e+02
6.530766e+02 6.530747e+02 6.530745e+02 6.530738e+02
6.692364e+02 6.692371e+02 6.692402e+02 6.692292e+02
6.849700e+02 6.849738e+02 6.849881e+02 6.849857e+02
7.002844e+02 7.002922e+02 7.003098e+02 7.003097e+02
7.151624e+02 7.151711e+02 7.151908e+02 7.151984e+02
7.296176e+02 7.296150e+02 7.296307e+02 7.296418e+02
7.436347e+02 7.436346e+02 7.436380e+02 7.436448e+02
7.571969e+02 7.571906e+02 7.571770e+02 7.571729e+02
7.702839e+02 7.702880e+02 7.702783e+02 7.702679e+02
7.829296e+02 7.829191e+02 7.829076e+02 7.828940e+02
7.951383e+02 7.951241e+02 7.950986e+02 7.950799e+02
8.068582e+02 8.068454e+02 8.068170e+02 8.067996e+02
8.180670e+02 8.180584e+02 8.180314e+02 8.180126e+02
8.287875e+02 8.287668e+02 8.287419e+02 8.287245e+02
8.389410e+02 8.389364e+02 8.389257e+02 8.389180e+02
8.485598e+02 8.485697e+02 8.485781e+02 8.485709e+02
8.576726e+02 8.576807e+02 8.576883e+02 8.576799e+02
8.662052e+02 8.662184e+02 8.662335e+02 8.662283e+02
8.741669e+02 8.741825e+02 8.741931e+02 8.741980e+02
8.815561e+02 8.815521e+02 8.815370e+02 8.815426e+02
8.883006e+02 8.882891e+02 8.882635e+02 8.882531e+02
8.943614e+02 8.943468e+02 8.943230e+02 8.943113e+02
8.996545e+02 8.996567e+02 8.996644e+02 8.996587e+02
9.041951e+02 9.041962e+02 9.042162e+02 9.042106e+02
9.078682e+02 9.078722e+02 9.078963e+02 9.079077e+02
9.106478e+02 9.106465e+02 9.106415e+02 9.106493e+02
9.124928e+02 9.124893e+02 9.124841e+02 9.124883e+02
9.135791e+02 9.135748e+02 9.135519e+02 9.135355e+02
9.140673e+02 9.140701e+02 9.140453e+02 9.139935e+02
9.143063e+02 9.143092e+02 9.142798e+02 9.142381e+02
9.144699e+02 9.144468e+02 9.144464e+02 9.144296e+02
9.145355e+02 9.145423e+02 9.145314e+02 9.145062e+02
9.145803e+02 9.145988e+02 9.145789e+02 9.145843e+02
9.146105e+02 9.146263e+02 9.146271e+02 9.146093e+02
9.145839e+02 9.146082e+02 9.146205e+02 9.145756e+02
9.146549e+02 9.146650e+02 9.146775e+02 9.146782e+02
9.146695e+02 9.146703e+02 9.146884e+02 9.146763e+02
9.147251e+02 9.147375e+02 9.147096e+02 9.147091e+02
9.146852e+02 9.146544e+02 9.146522e+02 9.146489e+02
9.146410e+02 9.146045e+02 9.145910e+02 9.145687e+02
9.146692e+02 9.146767e+02 9.146966e+02 9.146807e+02
9.145649e+02 9.145741e+02 9.145700e+02 9.145576e+02
9.136776e+02 9.136757e+02 9.136827e+02 9.136918e+02
9.117495e+02 9.117507e+02 9.117619e+02 9.117634e+02
9.088287e+02 9.088141e+02 9.088080e+02 9.088292e+02
9.049403e+02 9.049284e+02 9.049343e+02 9.049476e+02
9.001979e+02 9.002009e+02 9.001932e+02 9.001871e+02
8.946737e+02 8.946757e+02 8.946833e+02 8.946879e+02
8.884136e+02 8.884212e+02 8.884293e+02 8.884401e+02
8.814554e+02 8.814639e+02 8.814589e+02 8.814646e+02
8.738471e+02 8.738574e+02 8.738492e+02 8.738517e+02
8.656215e+02 8.656279e+02 8.656279e+02 8.656155e+02
8.568119e+02 8.568131e+02 8.568107e+02 8.567970e+02
8.474546e+02 8.474473e+02 8.474586e+02 8.474622e+02
8.375070e+02 8.375135e+02 8.375281e+02 8.375277e+02
8.270337e+02 8.270379e+02 8.270437e+02 8.270397e+02
8.160543e+02 8.160576e+02 8.160510e+02 8.160436e+02
8.045906e+02 8.045970e+02 8.046015e+02 8.045949e+02
7.926647e+02 7.926787e+02 7.926929e+02 7.926926e+02
7.802845e+02 7.802949e+02 7.803159e+02 7.803203e+02
7.674470e+02 7.674491e+02 7.674502e+02 7.674532e+02
7.541415e+02 7.541339e+02 7.541266e+02 7.541238e+02
7.403583e+02 7.403585e+02 7.403673e+02 7.403597e+02
7.261976e+02 7.261964e+02 7.261955e+02 7.261906e+02
7.116042e+02 7.115957e+02 7.115932e+02 7.115893e+02
6.965786e+02 6.965647e+02 6.965650e+02 6.965634e+02
6.811116e+02 6.811097e+02 6.811268e+02 6.811147e+02
6.652532e+02 6.652518e+02 6.652721e+02 6.652741e+02
6.489711e+02 6.489732e+02 6.489796e+02 6.489795e+02
6.322960e+02 6.322960e+02 6.322919e+02 6.322955e+02
6.152072e+02 6.152019e+02 6.152057e+02 6.151934e+02
5.977420e+02 5.977349e+02 5.977321e+02 5.977271e+02
5.798963e+02 5.798891e+02 5.798814e+02 5.798755e+02
5.616765e+02 5.616674e+02 5.616633e+02 5.616679e+02
5.430813e+02 5.430770e+02 5.430845e+02 5.430849e+02
5.241177e+02 5.241215e+02 5.241315e+02 5.241255e+02
5.047816e+02 5.047846e+02 5.047896e+02 5.047779e+02
4.850757e+02 4.850802e+02 4.850762e+02 4.850624e+02
4.650225e+02 4.650320e+02 4.650252e+02 4.650019e+02
4.446103e+02 4.446119e+02 4.446038e+02 4.445975e+02
4.238418e+02 4.238420e+02 4.238386e+02 4.238436e+02
4.027207e+02 4.027198e+02 4.027251e+02 4.027298e+02
3.812491e+02 3.812470e+02 3.812380e+02 3.812373e+02
3.594197e+02 3.594236e+02 3.594196e+02 3.594112e+02
3.372463e+02 3.372528e+02 3.372486e+02 3.372387e+02
3.147360e+02 3.147343e+02 3.147251e+02 3.147145e+02
2.919107e+02 2.919090e+02 2.918974e+02 2.918929e+02
2.687431e+02 2.687475e+02 2.687515e+02 2.687557e+02
2.452470e+02 2.452555e+02 2.452728e+02 2.452784e+02
2.214383e+02 2.214422e+02 2.214588e+02 2.214594e+02
1.973143e+02 1.973255e+02 1.973408e+02 1.973403e+02
1.728810e+02 1.728864e+02 1.728954e+02 1.728930e+02
1.481270e+02 1.481302e+02 1.481329e+02 1.481352e+02
1.230424e+02 1.230493e+02 1.230624e+02 1.230669e+02
9.765845e+01 9.766170e+01 9.766885e+01 9.767385e+01
7.196242e+01 7.195825e+01 7.196707e+01 7.196668e+01
4.593500e+01 4.593306e+01 4.594008e+01 4.593881e+01
1.958868e+01 1.958904e+01 1.959471e+01 1.959251e+01
-7.068293e+00 -7.068293e+00 -7.068293e+00 -7.068293e+00
