1.705049e+13 1.980058e+13 1.932383e+13 1.855638e+13
1.683893e+13 1.962759e+13 1.914797e+13 1.742872e+13
1.688935e+13 1.945768e+13 1.997847e+13 1.960045e+13
1.756153e+13 1.987117e+13 2.075781e+13 2.071506e+13
1.947846e+13 2.055005e+13 2.095507e+13 2.102512e+13
1.832572e+13 2.038994e+13 2.127180e+13 1.947480e+13
1.746342e+13 1.989879e+13 2.208117e+13 2.314482e+13
1.865355e+13 2.071569e+13 1.983787e+13 2.160295e+13
1.835371e+13 2.058350e+13 1.881597e+13 1.970325e+13
1.717372e+13 1.966005e+13 1.823555e+13 2.045611e+13
1.785106e+13 1.880917e+13 1.886258e+13 2.035014e+13
1.830519e+13 1.902216e+13 2.008733e+13 2.149681e+13
1.997656e+13 1.917522e+13 1.975981e+13 1.997211e+13
2.041023e+13 2.048178e+13 1.922817e+13 1.987477e+13
1.909672e+13 2.079187e+13 1.795143e+13 1.947967e+13
2.119916e+13 2.014851e+13 1.740486e+13 1.874264e+13
2.230472e+13 2.117310e+13 1.778358e+13 1.860551e+13
2.284033e+13 2.131762e+13 1.852222e+13 1.941624e+13
2.094136e+13 1.980262e+13 1.869198e+13 1.987291e+13
1.938493e+13 1.977192e+13 1.992780e+13 2.003672e+13
2.020663e+13 2.150145e+13 2.109376e+13 2.008523e+13
2.031895e+13 2.038313e+13 2.205602e+13 2.141350e+13
1.930078e+13 1.946777e+13 2.135837e+13 2.037476e+13
2.053659e+13 1.952108e+13 2.075977e+13 1.971389e+13
2.014717e+13 1.985787e+13 2.108765e+13 1.985290e+13
2.130340e+13 2.050490e+13 2.144027e+13 1.887820e+13
2.100598e+13 1.999469e+13 2.116833e+13 1.824851e+13
2.041802e+13 1.966905e+13 1.984521e+13 1.789533e+13
2.024245e+13 2.019468e+13 2.056219e+13 1.822806e+13
1.921738e+13 2.059279e+13 2.203417e+13 1.918552e+13
1.963116e+13 2.081658e+13 2.126931e+13 1.956094e+13
2.061072e+13 2.118895e+13 2.077071e+13 1.895869e+13
2.204818e+13 2.122567e+13 2.040318e+13 2.081015e+13
2.125727e+13 2.081737e+13 1.952541e+13 1.935797e+13
2.101170e+13 2.129136e+13 1.957664e+13 2.036664e+13
2.037180e+13 2.153310e+13 1.944254e+13 2.109951e+13
1.999312e+13 2.100971e+13 2.011940e+13 2.156631e+13
2.184469e+13 2.248339e+13 2.015666e+13 2.034916e+13
2.156158e+13 2.264027e+13 2.021030e+13 1.978584e+13
2.059462e+13 2.185828e+13 1.987026e+13 1.911548e+13
2.047425e+13 2.183854e+13 2.046243e+13 2.021840e+13
2.133009e+13 2.111355e+13 1.992202e+13 2.124343e+13
2.185861e+13 2.182993e+13 2.131812e+13 1.979983e+13
2.120254e+13 2.285184e+13 2.252748e+13 2.093972e+13
2.087576e+13 2.248156e+13 2.213555e+13 2.026876e+13
2.100065e+13 2.257245e+13 2.291109e+13 1.991261e+13
2.085484e+13 2.283540e+13 2.284689e+13 2.078241e+13
2.197968e+13 2.224592e+13 2.324497e+13 2.141862e+13
2.096118e+13 2.207421e+13 2.397486e+13 2.295741e+13
2.267425e+13 2.300131e+13 2.432747e+13 2.422363e+13
2.300112e+13 2.228334e+13 2.458183e+13 2.505313e+13
2.408513e+13 2.297948e+13 2.462357e+13 2.628737e+13
2.333215e+13 2.186907e+13 2.354025e+13 2.666815e+13
2.278624e+13 2.288610e+13 2.300308e+13 2.730817e+13
2.465020e+13 2.415101e+13 2.395297e+13 2.759134e+13
2.341284e+13 2.525889e+13 2.356101e+13 2.741893e+13
2.379467e+13 2.529161e+13 2.480878e+13 2.757033e+13
2.319239e+13 2.500213e+13 2.391187e+13 2.687090e+13
2.313287e+13 2.541168e+13 2.287838e+13 2.654500e+13
2.407081e+13 2.557782e+13 2.360801e+13 2.423887e+13
2.254429e+13 2.516574e+13 2.411561e+13 2.237048e+13
2.335203e+13 2.551397e+13 2.430904e+13 2.115374e+13
2.427530e+13 2.545879e+13 2.393489e+13 2.012636e+13
2.457172e+13 2.696174e+13 2.319099e+13 1.956405e+13
2.537754e+13 2.596447e+13 2.294167e+13 2.094393e+13
2.727906e+13 2.440919e+13 2.426414e+13 2.263632e+13
2.653834e+13 2.440381e+13 2.388874e+13 2.272297e+13
2.666849e+13 2.407005e+13 2.375042e+13 2.237840e+13
2.764624e+13 2.524242e+13 2.394031e+13 2.352941e+13
2.783882e+13 2.590278e+13 2.479417e+13 2.355010e+13
2.665551e+13 2.618930e+13 2.541477e+13 2.467704e+13
2.739505e+13 2.544478e+13 2.406455e+13 2.483253e+13
2.817516e+13 2.717620e+13 2.470003e+13 2.457997e+13
2.767012e+13 2.609522e+13 2.456970e+13 2.360519e+13
2.627475e+13 2.723415e+13 2.459392e+13 2.387607e+13
2.521012e+13 2.972883e+13 2.599722e+13 2.425766e+13
2.306685e+13 3.091145e+13 2.703471e+13 2.455560e+13
2.576977e+13 3.082468e+13 2.703349e+13 2.291939e+13
2.805704e+13 3.095762e+13 2.613228e+13 2.482372e+13
2.773314e+13 3.212038e+13 2.743534e+13 2.815596e+13
3.038629e+13 3.027159e+13 2.619392e+13 2.885899e+13
3.163743e+13 2.915687e+13 2.449203e+13 2.863121e+13
3.114971e+13 3.015189e+13 2.475305e+13 2.917058e+13
3.447567e+13 2.991859e+13 2.507407e+13 3.253670e+13
3.426358e+13 2.985548e+13 2.607535e+13 3.126399e+13
3.403254e+13 2.812021e+13 2.810980e+13 3.211688e+13
3.581701e+13 2.778052e+13 2.871090e+13 3.075554e+13
3.427348e+13 2.801765e+13 2.809483e+13 2.863761e+13
3.537198e+13 2.745790e+13 2.742906e+13 2.859191e+13
3.286469e+13 3.030816e+13 3.112529e+13 3.048085e+13
3.255582e+13 3.093824e+13 3.248121e+13 3.338841e+13
3.123084e+13 3.054189e+13 3.306147e+13 3.297736e+13
2.967031e+13 3.137454e+13 3.442997e+13 3.605466e+13
3.171042e+13 3.159708e+13 3.344671e+13 3.565099e+13
3.088221e+13 3.213675e+13 3.307643e+13 3.583295e+13
2.933501e+13 3.193529e+13 3.332512e+13 3.560418e+13
3.258416e+13 3.297490e+13 3.359351e+13 3.778263e+13
3.598664e+13 3.687237e+13 3.514416e+13 3.543547e+13
3.425365e+13 3.534111e+13 3.851018e+13 3.617551e+13
3.520717e+13 3.438056e+13 3.601433e+13 3.923614e+13
3.626433e+13 3.384324e+13 3.489165e+13 3.962797e+13
3.342374e+13 3.222732e+13 3.418334e+13 3.682634e+13
3.603427e+13 3.149986e+13 3.653715e+13 3.792778e+13
3.706457e+13 3.439129e+13 3.928048e+13 3.816464e+13
3.691047e+13 3.678474e+13 3.924099e+13 4.080996e+13
3.711646e+13 3.683593e+13 4.129826e+13 4.374975e+13
3.501675e+13 4.056828e+13 4.374740e+13 4.038872e+13
3.859654e+13 4.365998e+13 4.412436e+13 3.870130e+13
4.313880e+13 4.594613e+13 4.808073e+13 4.110228e+13
4.496152e+13 4.726749e+13 5.003883e+13 4.340230e+13
5.009560e+13 4.828956e+13 4.880390e+13 4.703406e+13
5.224862e+13 4.766672e+13 4.655751e+13 4.951958e+13
5.406539e+13 5.217756e+13 4.706305e+13 4.826465e+13
5.253922e+13 5.819448e+13 5.175076e+13 5.115773e+13
5.062030e+13 5.813804e+13 5.544718e+13 5.541749e+13
5.224733e+13 5.752244e+13 5.888252e+13 5.592489e+13
5.947328e+13 6.265379e+13 6.391348e+13 6.301158e+13
6.126644e+13 6.755023e+13 6.657698e+13 6.332640e+13
6.914164e+13 6.762363e+13 7.114866e+13 6.218766e+13
7.026236e+13 7.184990e+13 7.585173e+13 7.517854e+13
7.971396e+13 7.581972e+13 7.738131e+13 7.521428e+13
8.929595e+13 7.876836e+13 8.323497e+13 8.222986e+13
1.078389e+14 8.706519e+13 8.352145e+13 7.897924e+13
9.845320e+13 8.947974e+13 8.241725e+13 7.570784e+13
1.167837e+14 1.073706e+14 8.935312e+13 8.914347e+13
1.218173e+14 1.145141e+14 9.997479e+13 9.400874e+13
1.210353e+14 1.075073e+14 1.033726e+14 1.051130e+14
9.587649e+13 1.058023e+14 1.108063e+14 1.266439e+14
1.202584e+14 1.203122e+14 1.192299e+14 1.216224e+14
1.118945e+14 1.194473e+14 1.301771e+14 1.280603e+14
1.010029e+14 1.082894e+14 1.292724e+14 1.407530e+14
1.134425e+14 1.103143e+14 1.037349e+14 1.126764e+14
9.614207e+13 1.094599e+14 9.436519e+13 1.108892e+14
7.895455e+13 9.515053e+13 9.366928e+13 9.473112e+13
7.765050e+13 8.938240e+13 8.904434e+13 8.380932e+13
8.315493e+13 8.055533e+13 7.995170e+13 8.040726e+13
7.589573e+13 7.455815e+13 8.020881e+13 7.933289e+13
7.389798e+13 7.087554e+13 7.051728e+13 7.490738e+13
6.659590e+13 6.621289e+13 7.012286e+13 7.024368e+13
6.955498e+13 7.015534e+13 6.435860e+13 6.622337e+13
6.772756e+13 6.825638e+13 6.471644e+13 6.763187e+13
6.777815e+13 6.383817e+13 6.230818e+13 5.832476e+13
5.718202e+13 5.745102e+13 5.873003e+13 5.392030e+13
5.579542e+13 5.380704e+13 5.156286e+13 5.223667e+13
5.096215e+13 5.121155e+13 4.631056e+13 4.964982e+13
4.555011e+13 4.793768e+13 4.392287e+13 4.778906e+13
4.740128e+13 4.779255e+13 4.522136e+13 4.976577e+13
4.472651e+13 4.556004e+13 4.365296e+13 4.459005e+13
4.892942e+13 4.313994e+13 4.347772e+13 4.308077e+13
5.116503e+13 4.172702e+13 4.336645e+13 4.159556e+13
4.720194e+13 4.086060e+13 4.218181e+13 3.747542e+13
4.700359e+13 4.203483e+13 4.166502e+13 3.786220e+13
4.350075e+13 4.184663e+13 3.891033e+13 3.655959e+13
4.051169e+13 4.170375e+13 3.836162e+13 3.762596e+13
3.917314e+13 4.256742e+13 3.838510e+13 3.637828e+13
3.639964e+13 4.131358e+13 3.826975e+13 3.840881e+13
3.253460e+13 3.874081e+13 3.882285e+13 3.618536e+13
3.399113e+13 3.760292e+13 3.637821e+13 3.419316e+13
3.221161e+13 3.821685e+13 3.663108e+13 3.327341e+13
3.035546e+13 3.687216e+13 3.508278e+13 3.366510e+13
3.128384e+13 3.688459e+13 3.401340e+13 3.393560e+13
3.292919e+13 3.741506e+13 3.379714e+13 3.399862e+13
3.428170e+13 3.637581e+13 3.281236e+13 3.661600e+13
3.559814e+13 3.521772e+13 3.279137e+13 3.356064e+13
3.206570e+13 3.345145e+13 3.439295e+13 3.141098e+13
3.231184e+13 3.376631e+13 3.471025e+13 3.327418e+13
3.189335e+13 3.248073e+13 3.433303e+13 3.343084e+13
3.187623e+13 3.137890e+13 3.261596e+13 3.009975e+13
3.069528e+13 3.084303e+13 3.247092e+13 2.972855e+13
2.996955e+13 3.033068e+13 3.324581e+13 3.208678e+13
2.912965e+13 3.013738e+13 3.373729e+13 3.403297e+13
3.029661e+13 2.922140e+13 3.132879e+13 3.225818e+13
3.240628e+13 3.113208e+13 3.083439e+13 2.963400e+13
3.129460e+13 2.898250e+13 2.919672e+13 2.816113e+13
2.984198e+13 2.827046e+13 2.959845e+13 3.108995e+13
2.695602e+13 2.732411e+13 2.873437e+13 3.104839e+13
2.762342e+13 2.925322e+13 2.977687e+13 3.125136e+13
2.734401e+13 2.941845e+13 3.071021e+13 3.227055e+13
2.623824e+13 3.002646e+13 2.864001e+13 3.045883e+13
2.771119e+13 3.000015e+13 2.827541e+13 2.750825e+13
2.827637e+13 2.890746e+13 2.818586e+13 2.598645e+13
2.966550e+13 2.886893e+13 2.964322e+13 2.474771e+13
3.174912e+13 2.997022e+13 2.925795e+13 2.585243e+13
3.119380e+13 2.890876e+13 2.742199e+13 2.940335e+13
2.950550e+13 2.783650e+13 2.618871e+13 2.798431e+13
3.162161e+13 2.794694e+13 2.664202e+13 2.798952e+13
3.045579e+13 2.744777e+13 2.636474e+13 2.916093e+13
3.169703e+13 2.784037e+13 2.653232e+13 2.541133e+13
3.150403e+13 2.741935e+13 2.503218e+13 2.620666e+13
3.002430e+13 2.737984e+13 2.373160e+13 2.507631e+13
2.891477e+13 2.698389e+13 2.418469e+13 2.497757e+13
2.804743e+13 2.682617e+13 2.604777e+13 2.459985e+13
2.940530e+13 2.705364e+13 2.512984e+13 2.394482e+13
2.730526e+13 2.787931e+13 2.525506e+13 2.435940e+13
2.596890e+13 2.876143e+13 2.449768e+13 2.478819e+13
2.415049e+13 2.658795e+13 2.380369e+13 2.477906e+13
2.294382e+13 2.764637e+13 2.424837e+13 2.486514e+13
2.310023e+13 2.680522e+13 2.499263e+13 2.643072e+13
2.478900e+13 2.689034e+13 2.509427e+13 2.782393e+13
2.600550e+13 2.749824e+13 2.513314e+13 2.654265e+13
2.567024e+13 2.749151e+13 2.541879e+13 2.696254e+13
2.412198e+13 2.638276e+13 2.585860e+13 2.589911e+13
2.328152e+13 2.506107e+13 2.572153e+13 2.519696e+13
2.212349e+13 2.303137e+13 2.458812e+13 2.579003e+13
2.187350e+13 2.346148e+13 2.364317e+13 2.647185e+13
2.048839e+13 2.454980e+13 2.374202e+13 2.710647e+13
2.284929e+13 2.437552e+13 2.401855e+13 2.888922e+13
2.401009e+13 2.475943e+13 2.270957e+13 2.750882e+13
2.261068e+13 2.362226e+13 2.284962e+13 2.611300e+13
2.161669e+13 2.209201e+13 2.355039e+13 2.582937e+13
2.195060e+13 2.129525e+13 2.309664e+13 2.407824e+13
2.083563e+13 2.012950e+13 2.306474e+13 2.583775e+13
2.112968e+13 2.017110e+13 2.289358e+13 2.553932e+13
2.403044e+13 2.114982e+13 2.125696e+13 2.528068e+13
2.202622e+13 2.125787e+13 2.121781e+13 2.450263e+13
2.252187e+13 2.160763e+13 2.105823e+13 2.404928e+13
2.146642e+13 2.236984e+13 2.084357e+13 2.291991e+13
2.218088e+13 2.139076e+13 2.116779e+13 2.263989e+13
2.210519e+13 2.095785e+13 2.098095e+13 2.297482e+13
2.404916e+13 2.173579e+13 2.234469e+13 2.401970e+13
2.414168e+13 2.101092e+13 2.168739e+13 2.362824e+13
2.541310e+13 1.928091e+13 2.138161e+13 2.395527e+13
2.515284e+13 2.029430e+13 2.147283e+13 2.312209e+13
2.451159e+13 2.093702e+13 2.233208e+13 2.256714e+13
2.382692e+13 2.048972e+13 2.279426e+13 2.279069e+13
2.416548e+13 2.116595e+13 2.216167e+13 2.269995e+13
2.312361e+13 2.117729e+13 2.299095e+13 2.305353e+13
2.396610e+13 2.104026e+13 2.335998e+13 2.230848e+13
2.414081e+13 2.075486e+13 2.272687e+13 2.214260e+13
2.389562e+13 2.036452e+13 2.244803e+13 2.103639e+13
2.457351e+13 2.121116e+13 2.304755e+13 2.164166e+13
2.546772e+13 2.107682e+13 2.281396e+13 2.149327e+13
2.433724e+13 2.051375e+13 2.297539e+13 2.078101e+13
2.391641e+13 2.123936e+13 2.284049e+13 1.932321e+13
2.449273e+13 2.228638e+13 2.259361e+13 1.814097e+13
2.244472e+13 2.105790e+13 2.208956e+13 1.851020e+13
2.161192e+13 2.063192e+13 2.080617e+13 1.907005e+13
2.223316e+13 2.129722e+13 2.024921e+13 1.997335e+13
2.356260e+13 2.168936e+13 1.976340e+13 2.104142e+13
2.369757e+13 2.132413e+13 1.896894e+13 1.975039e+13
2.423925e+13 2.071665e+13 1.858881e+13 1.962777e+13
2.301960e+13 2.067497e+13 1.880371e+13 1.964299e+13
2.227381e+13 2.055472e+13 1.954218e+13 2.158834e+13
2.127124e+13 2.116108e+13 2.066565e+13 2.080089e+13
1.948745e+13 2.144661e+13 2.022746e+13 1.968795e+13
2.042093e+13 2.156633e+13 1.903636e+13 1.774066e+13
2.142459e+13 2.228772e+13 1.946389e+13 1.870593e+13
2.169227e+13 2.182368e+13 2.039831e+13 1.874789e+13
2.101235e+13 2.166693e+13 2.031841e+13 1.949741e+13
2.141187e+13 2.116335e+13 1.918813e+13 1.975023e+13
2.003838e+13 2.082142e+13 1.837770e+13 2.101807e+13
2.102514e+13 2.119779e+13 1.854424e+13 2.112183e+13
2.148326e+13 1.944752e+13 1.880528e+13 2.120358e+13
1.935597e+13 1.854886e+13 1.906172e+13 2.130038e+13
1.956193e+13 1.832998e+13 1.829008e+13 2.263101e+13
2.002128e+13 1.974298e+13 1.888541e+13 2.202544e+13
1.976652e+13 2.043366e+13 1.918134e+13 2.052509e+13
