1.296227e+13 1.420248e+13 1.198024e+13 1.186959e+13
1.281954e+13 1.454313e+13 1.231457e+13 1.130955e+13
1.519453e+13 1.421438e+13 1.264688e+13 9.756098e+12
1.466416e+13 1.426596e+13 1.250546e+13 1.043090e+13
1.419403e+13 1.568377e+13 1.268848e+13 1.171060e+13
1.428425e+13 1.361157e+13 1.256383e+13 1.206720e+13
1.468222e+13 1.363340e+13 1.255003e+13 1.238391e+13
1.338117e+13 1.402451e+13 1.304532e+13 1.328083e+13
1.459709e+13 1.350908e+13 1.280141e+13 1.364605e+13
1.469393e+13 1.405148e+13 1.239276e+13 1.217465e+13
1.137160e+13 1.263689e+13 1.265829e+13 1.317890e+13
1.081284e+13 1.325713e+13 1.407601e+13 1.557236e+13
1.089067e+13 1.288317e+13 1.372657e+13 1.482654e+13
1.241234e+13 1.346622e+13 1.369601e+13 1.538934e+13
1.171198e+13 1.353684e+13 1.394383e+13 1.471229e+13
1.145516e+13 1.360571e+13 1.364597e+13 1.294244e+13
1.103220e+13 1.352212e+13 1.471131e+13 1.263767e+13
1.189103e+13 1.320146e+13 1.521522e+13 1.295442e+13
1.205486e+13 1.372290e+13 1.538271e+13 1.406819e+13
1.284734e+13 1.387290e+13 1.559316e+13 1.539417e+13
1.236512e+13 1.347160e+13 1.502950e+13 1.322792e+13
1.385180e+13 1.313338e+13 1.530310e+13 1.248241e+13
1.378055e+13 1.356671e+13 1.472792e+13 1.340872e+13
1.259400e+13 1.378439e+13 1.612382e+13 1.488731e+13
1.101043e+13 1.319408e+13 1.589864e+13 1.540581e+13
1.157808e+13 1.315465e+13 1.582564e+13 1.434181e+13
1.249310e+13 1.362880e+13 1.488418e+13 1.616637e+13
1.284434e+13 1.397498e+13 1.517254e+13 1.639584e+13
1.236010e+13 1.371657e+13 1.466485e+13 1.427061e+13
1.247127e+13 1.471090e+13 1.388512e+13 1.489103e+13
1.221123e+13 1.453215e+13 1.534610e+13 1.531880e+13
1.304826e+13 1.395190e+13 1.541586e+13 1.481577e+13
1.303495e+13 1.320423e+13 1.499404e+13 1.412226e+13
1.477282e+13 1.268194e+13 1.331411e+13 1.443327e+13
1.701744e+13 1.290820e+13 1.311218e+13 1.523137e+13
2.027808e+13 1.337064e+13 1.352778e+13 1.581180e+13
1.972560e+13 1.534258e+13 1.383653e+13 1.463746e+13
1.776810e+13 1.570964e+13 1.530436e+13 1.417643e+13
1.885828e+13 1.554126e+13 1.647101e+13 1.527750e+13
1.970640e+13 1.560192e+13 1.600703e+13 1.578420e+13
1.865315e+13 1.608123e+13 1.751271e+13 1.640280e+13
1.712137e+13 1.519395e+13 1.807046e+13 1.481595e+13
1.558194e+13 1.566904e+13 1.812729e+13 1.646617e+13
1.320791e+13 1.492455e+13 1.813852e+13 1.627849e+13
1.300758e+13 1.476267e+13 1.709582e+13 1.639789e+13
1.231147e+13 1.374199e+13 1.778519e+13 1.785569e+13
1.406255e+13 1.315190e+13 1.699495e+13 1.799819e+13
1.567204e+13 1.503031e+13 1.719129e+13 1.634065e+13
1.496875e+13 1.430410e+13 1.933042e+13 1.710147e+13
1.468889e+13 1.473095e+13 1.943153e+13 1.587165e+13
1.465252e+13 1.708516e+13 1.978161e+13 1.460928e+13
1.598298e+13 1.783801e+13 1.955027e+13 1.306451e+13
1.670467e+13 1.769170e+13 1.914659e+13 1.283833e+13
1.585933e+13 1.844690e+13 1.788629e+13 1.440493e+13
1.718495e+13 1.841326e+13 1.788812e+13 1.232826e+13
1.889748e+13 1.756678e+13 1.635303e+13 1.013040e+13
2.059840e+13 1.682215e+13 1.527088e+13 1.235275e+13
2.050770e+13 1.723625e+13 1.540591e+13 1.413080e+13
1.920405e+13 1.695074e+13 1.565064e+13 1.374797e+13
2.152181e+13 1.829563e+13 1.630007e+13 1.533316e+13
1.995899e+13 1.899529e+13 1.578923e+13 1.757038e+13
1.848847e+13 2.016312e+13 1.712654e+13 1.819761e+13
1.811564e+13 1.999941e+13 1.743960e+13 1.857559e+13
1.873209e+13 2.023097e+13 1.751345e+13 1.717967e+13
2.058342e+13 1.920545e+13 1.710483e+13 1.698279e+13
2.001905e+13 2.020354e+13 1.904337e+13 1.752223e+13
1.793538e+13 2.018236e+13 2.073562e+13 1.511379e+13
1.928311e+13 2.234524e+13 2.020927e+13 1.191604e+13
2.025749e+13 2.078219e+13 1.887545e+13 1.209001e+13
2.036416e+13 2.030048e+13 1.777457e+13 1.274749e+13
1.950863e+13 1.902285e+13 1.636887e+13 1.443538e+13
2.133284e+13 1.907337e+13 1.603205e+13 1.383296e+13
2.170512e+13 1.870001e+13 1.527391e+13 1.308105e+13
1.770589e+13 1.778121e+13 1.684787e+13 1.475687e+13
1.768565e+13 1.877937e+13 1.933861e+13 1.630745e+13
1.668633e+13 1.887063e+13 2.186507e+13 1.759116e+13
1.608480e+13 1.881998e+13 2.267496e+13 1.771222e+13
1.744433e+13 1.977828e+13 2.358759e+13 1.675867e+13
1.759280e+13 1.927386e+13 2.469617e+13 1.843513e+13
1.731141e+13 1.897724e+13 2.273702e+13 1.917470e+13
1.837987e+13 1.809708e+13 2.072429e+13 2.064385e+13
2.278266e+13 1.970796e+13 2.021119e+13 2.121918e+13
2.007665e+13 1.781457e+13 1.850677e+13 2.093833e+13
2.111088e+13 1.837877e+13 1.975673e+13 2.096804e+13
2.253954e+13 1.974544e+13 2.039592e+13 2.225751e+13
2.292093e+13 2.140163e+13 2.181059e+13 2.129385e+13
2.198381e+13 2.297530e+13 2.077165e+13 2.043828e+13
2.012908e+13 2.260390e+13 1.939764e+13 2.071305e+13
1.954968e+13 2.234778e+13 2.323025e+13 2.350104e+13
1.985577e+13 2.401073e+13 2.523072e+13 2.162286e+13
1.952461e+13 2.268700e+13 2.503231e+13 2.026937e+13
1.878006e+13 2.540436e+13 2.537644e+13 2.171171e+13
1.877905e+13 2.611559e+13 2.535493e+13 2.088856e+13
1.947323e+13 2.655668e+13 2.389150e+13 2.207957e+13
1.914201e+13 2.643537e+13 2.176800e+13 2.239691e+13
2.174738e+13 2.603681e+13 2.316491e+13 2.091270e+13
2.209757e+13 2.399511e+13 2.320134e+13 2.135525e+13
2.319261e+13 2.247718e+13 2.226850e+13 2.209331e+13
2.428123e+13 2.128089e+13 2.203159e+13 2.477009e+13
2.191118e+13 2.269653e+13 2.336103e+13 2.927361e+13
1.919033e+13 2.249177e+13 2.376125e+13 3.033822e+13
2.152588e+13 2.341726e+13 2.420204e+13 2.809175e+13
2.371864e+13 2.557657e+13 2.734026e+13 2.689377e+13
2.614239e+13 2.566529e+13 2.791388e+13 2.688699e+13
2.845004e+13 2.640347e+13 2.858018e+13 2.352177e+13
2.877174e+13 2.889043e+13 3.127664e+13 2.446392e+13
3.378180e+13 2.904562e+13 2.926489e+13 2.537732e+13
3.340773e+13 2.951423e+13 2.813198e+13 2.696057e+13
3.365894e+13 2.965012e+13 2.826541e+13 2.634842e+13
3.324388e+13 3.063140e+13 2.966728e+13 3.316428e+13
3.573993e+13 2.955252e+13 3.111882e+13 3.515466e+13
3.830449e+13 3.054803e+13 3.386426e+13 3.501966e+13
3.656454e+13 3.528222e+13 3.580679e+13 3.804052e+13
3.600453e+13 4.138180e+13 4.144984e+13 4.021578e+13
3.515753e+13 4.491814e+13 4.296538e+13 4.453018e+13
3.432406e+13 4.722889e+13 4.660572e+13 5.183087e+13
3.845307e+13 4.207599e+13 4.411216e+13 4.734300e+13
4.404875e+13 4.650595e+13 4.329908e+13 4.065002e+13
5.041810e+13 4.286967e+13 4.361834e+13 4.032113e+13
5.895226e+13 4.713455e+13 5.346551e+13 4.470434e+13
6.183702e+13 4.905879e+13 6.458131e+13 5.643924e+13
6.671706e+13 5.545638e+13 7.015317e+13 7.184526e+13
7.177077e+13 8.047651e+13 7.243036e+13 6.915123e+13
6.204478e+13 7.113537e+13 8.171520e+13 7.024976e+13
6.757116e+13 7.293624e+13 9.261035e+13 9.056484e+13
7.526558e+13 8.345092e+13 8.843936e+13 1.024271e+14
9.085307e+13 9.969332e+13 1.067427e+14 1.058575e+14
1.294920e+14 1.137201e+14 1.063741e+14 1.124018e+14
9.562996e+13 1.002270e+14 9.425075e+13 7.812981e+13
1.211974e+14 1.009357e+14 8.325729e+13 7.609407e+13
1.149186e+14 1.034032e+14 9.258869e+13 8.077364e+13
7.937477e+13 7.748381e+13 9.464847e+13 8.447865e+13
7.140111e+13 7.681924e+13 8.236071e+13 7.898675e+13
8.372558e+13 7.449219e+13 7.480569e+13 6.833019e+13
8.787220e+13 6.660216e+13 7.374070e+13 7.343558e+13
7.254927e+13 7.214741e+13 7.062369e+13 7.026564e+13
6.497166e+13 6.201389e+13 5.866388e+13 6.437218e+13
5.282305e+13 5.842487e+13 6.401270e+13 6.984284e+13
5.359188e+13 5.151826e+13 4.926503e+13 6.024750e+13
4.486001e+13 4.687184e+13 4.601058e+13 5.288050e+13
3.793468e+13 4.917908e+13 4.640562e+13 4.688855e+13
3.406883e+13 4.177146e+13 4.018421e+13 4.322338e+13
3.189842e+13 3.805680e+13 3.756340e+13 4.528307e+13
3.495658e+13 3.717720e+13 3.413267e+13 4.123255e+13
3.559758e+13 3.988076e+13 3.411724e+13 3.601467e+13
3.197834e+13 3.331612e+13 3.519143e+13 3.805203e+13
3.795059e+13 3.009038e+13 3.825202e+13 4.068339e+13
3.815890e+13 2.933024e+13 3.216039e+13 3.942639e+13
3.392610e+13 3.061025e+13 2.809199e+13 3.301167e+13
2.541603e+13 3.143156e+13 2.652734e+13 3.060692e+13
2.602265e+13 3.047338e+13 2.583093e+13 2.888050e+13
2.603333e+13 2.640261e+13 2.458670e+13 2.903311e+13
2.265962e+13 2.671140e+13 2.408046e+13 2.668094e+13
2.510113e+13 2.650697e+13 2.348336e+13 2.492276e+13
2.354323e+13 2.490961e+13 2.589982e+13 2.692586e+13
2.103554e+13 2.292390e+13 2.470328e+13 2.720216e+13
2.103521e+13 2.346005e+13 2.270774e+13 2.290081e+13
1.937313e+13 2.234874e+13 2.026135e+13 2.477211e+13
1.875812e+13 1.977918e+13 2.181358e+13 2.401054e+13
2.280532e+13 2.233628e+13 2.169802e+13 2.228393e+13
2.290201e+13 2.410832e+13 1.878779e+13 2.095882e+13
1.995674e+13 2.436487e+13 1.903318e+13 2.035107e+13
1.925394e+13 2.516697e+13 2.110851e+13 2.048654e+13
1.741007e+13 2.543220e+13 2.126556e+13 2.188678e+13
1.934513e+13 2.434315e+13 2.206666e+13 2.231682e+13
2.018195e+13 2.396443e+13 2.169524e+13 2.201066e+13
1.871056e+13 2.363492e+13 2.196581e+13 2.024254e+13
1.841908e+13 2.138470e+13 2.145162e+13 2.091186e+13
1.706773e+13 2.207739e+13 2.130619e+13 1.859743e+13
1.638858e+13 2.315281e+13 2.024715e+13 1.747483e+13
1.605604e+13 2.299033e+13 1.910864e+13 1.711222e+13
1.601381e+13 1.930841e+13 1.864183e+13 1.755022e+13
1.509872e+13 1.671514e+13 1.620007e+13 1.679856e+13
1.595526e+13 1.834902e+13 1.636651e+13 1.782689e+13
1.443727e+13 1.606861e+13 1.857287e+13 2.053153e+13
1.483971e+13 1.550836e+13 1.942413e+13 1.963939e+13
1.741901e+13 1.761762e+13 1.941261e+13 1.926053e+13
1.970301e+13 1.760458e+13 1.991290e+13 2.081563e+13
1.873427e+13 1.786372e+13 2.031665e+13 1.841188e+13
1.699646e+13 1.796011e+13 2.075331e+13 1.783678e+13
1.533073e+13 1.719216e+13 2.020782e+13 1.873941e+13
1.469544e+13 1.668204e+13 1.937108e+13 1.622927e+13
1.633050e+13 1.616054e+13 1.772832e+13 1.541971e+13
1.772646e+13 1.618843e+13 1.636011e+13 1.651136e+13
1.703956e+13 1.539447e+13 1.750328e+13 1.890651e+13
1.602199e+13 1.624784e+13 1.796531e+13 2.060915e+13
1.378729e+13 1.767801e+13 1.757412e+13 1.937652e+13
1.407641e+13 1.911423e+13 1.999653e+13 1.921078e+13
1.379305e+13 1.830332e+13 1.803756e+13 1.711156e+13
1.394752e+13 1.829140e+13 1.813185e+13 1.765316e+13
1.367624e+13 1.798382e+13 1.857004e+13 1.562586e+13
1.374726e+13 1.669609e+13 1.855103e+13 1.561415e+13
1.398406e+13 1.620986e+13 1.783285e+13 1.515086e+13
1.229658e+13 1.594770e+13 1.628618e+13 1.393816e+13
1.258361e+13 1.612960e+13 1.540679e+13 1.461600e+13
1.301920e+13 1.540835e+13 1.503912e+13 1.468945e+13
1.478467e+13 1.547747e+13 1.609253e+13 1.442977e+13
1.621923e+13 1.630341e+13 1.512271e+13 1.442351e+13
1.861439e+13 1.805764e+13 1.432099e+13 1.466989e+13
1.859163e+13 1.742645e+13 1.326419e+13 1.415272e+13
2.153625e+13 1.767732e+13 1.233357e+13 1.591710e+13
2.164134e+13 1.748320e+13 1.226754e+13 1.619410e+13
1.998938e+13 1.615727e+13 1.174448e+13 1.557465e+13
1.809264e+13 1.507764e+13 1.177464e+13 1.682125e+13
1.901894e+13 1.485500e+13 1.368033e+13 1.662519e+13
1.899471e+13 1.449763e+13 1.468409e+13 1.586806e+13
1.636733e+13 1.327950e+13 1.511370e+13 1.503757e+13
1.537568e+13 1.279264e+13 1.642665e+13 1.603673e+13
1.522233e+13 1.379359e+13 1.714255e+13 1.516972e+13
1.406952e+13 1.567402e+13 1.741965e+13 1.452604e+13
1.476667e+13 1.758468e+13 1.753479e+13 1.314265e+13
1.633791e+13 1.840670e+13 1.868667e+13 1.527150e+13
1.656868e+13 1.815948e+13 1.716349e+13 1.425421e+13
1.880976e+13 1.816769e+13 1.778723e+13 1.335896e+13
1.766991e+13 1.641376e+13 1.735340e+13 1.347704e+13
1.813715e+13 1.686175e+13 1.728680e+13 1.364618e+13
1.768924e+13 1.593111e+13 1.662952e+13 1.388210e+13
1.636504e+13 1.408573e+13 1.617271e+13 1.498390e+13
1.580572e+13 1.396570e+13 1.570255e+13 1.368173e+13
1.570113e+13 1.457976e+13 1.488834e+13 1.251831e+13
1.589847e+13 1.482900e+13 1.589695e+13 1.343888e+13
1.512807e+13 1.488882e+13 1.563679e+13 1.239351e+13
1.714241e+13 1.466836e+13 1.595988e+13 1.315676e+13
1.761481e+13 1.483635e+13 1.471482e+13 1.159287e+13
1.605991e+13 1.641268e+13 1.512314e+13 1.249181e+13
1.697355e+13 1.549025e+13 1.405870e+13 1.403442e+13
1.653504e+13 1.531969e+13 1.474166e+13 1.373579e+13
1.827138e+13 1.522306e+13 1.322118e+13 1.504350e+13
1.732679e+13 1.537895e+13 1.284697e+13 1.446634e+13
1.474667e+13 1.415451e+13 1.327331e+13 1.477625e+13
1.639159e+13 1.481053e+13 1.294712e+13 1.708814e+13
1.370239e+13 1.246061e+13 1.194027e+13 1.838536e+13
1.359368e+13 1.254324e+13 1.139755e+13 1.900757e+13
1.533312e+13 1.457640e+13 1.158551e+13 1.683818e+13
1.598733e+13 1.521448e+13 1.167909e+13 1.597736e+13
1.377987e+13 1.416813e+13 1.277147e+13 1.391008e+13
1.436022e+13 1.251964e+13 1.254513e+13 1.390299e+13
1.538757e+13 1.317176e+13 1.273321e+13 1.402156e+13
1.655131e+13 1.454338e+13 1.348430e+13 1.321943e+13
1.563146e+13 1.490955e+13 1.350583e+13 1.206413e+13
1.523501e+13 1.421788e+13 1.264391e+13 1.322471e+13
1.455887e+13 1.371876e+13 1.294504e+13 1.286556e+13
1.347478e+13 1.542228e+13 1.382491e+13 1.348293e+13
1.185285e+13 1.423360e+13 1.348685e+13 1.490322e+13
1.183954e+13 1.460883e+13 1.439122e+13 1.483619e+13
1.280279e+13 1.498241e+13 1.371407e+13 1.385472e+13
1.336435e+13 1.446179e+13 1.441589e+13 1.372023e+13
1.280457e+13 1.532920e+13 1.462398e+13 1.421332e+13
1.288732e+13 1.540547e+13 1.501901e+13 1.463179e+13
1.429459e+13 1.450011e+13 1.516308e+13 1.414633e+13
1.507396e+13 1.407875e+13 1.430926e+13 1.383397e+13
1.398143e+13 1.444173e+13 1.387139e+13 1.407028e+13
1.401172e+13 1.533770e+13 1.322786e+13 1.137542e+13
1.313075e+13 1.455846e+13 1.372112e+13 1.188652e+13
1.373113e+13 1.472328e+13 1.426725e+13 1.093568e+13
1.364687e+13 1.445446e+13 1.403900e+13 1.185657e+13
1.423844e+13 1.356774e+13 1.281804e+13 1.143712e+13
