0.000000e+00 -0.000000e+00 -0.000000e+00 0.000000e+00
-3.079921e+00 7.610182e-01 4.601958e+00 8.442897e+00
-1.402991e+01 -1.924153e+00 1.018161e+01 2.228737e+01
-3.631279e+00 -1.878856e+00 -1.264326e-01 1.625990e+00
-5.782131e+00 -3.639834e+00 -1.497536e+00 6.447618e-01
9.885391e-01 2.164248e+00 3.339957e+00 4.515666e+00
6.433244e+00 7.410174e+00 8.387104e+00 9.364034e+00
1.627492e+01 1.679616e+01 1.731741e+01 1.783865e+01
1.104405e+01 9.594653e+00 8.145251e+00 6.695849e+00
-1.199566e+01 -7.274034e+00 -2.552408e+00 2.169218e+00
-4.279696e-01 -5.217578e+00 -1.000719e+01 -1.479680e+01
1.601849e+01 7.593251e+00 -8.319912e-01 -9.257233e+00
1.015037e+01 5.816290e+00 1.482210e+00 -2.851870e+00
-1.504694e+00 1.646791e+00 4.798276e+00 7.949761e+00
-1.860120e+01 -9.501814e+00 -4.024249e-01 8.696965e+00
1.752203e+00 -1.428358e+00 -4.608919e+00 -7.789480e+00
-1.592462e+00 -5.461678e+00 -9.330894e+00 -1.320011e+01
-4.345604e+00 -8.505613e+00 -1.266562e+01 -1.682563e+01
-2.425237e+01 -1.698547e+01 -9.718581e+00 -2.451688e+00
-3.154292e+01 -1.880782e+01 -6.072706e+00 6.662404e+00
-2.292189e+01 -1.558521e+01 -8.248533e+00 -9.118519e-01
-1.292795e+01 -1.344016e+01 -1.395236e+01 -1.446456e+01
-1.419229e+01 -1.235436e+01 -1.051643e+01 -8.678496e+00
-1.809020e+01 -8.610345e+00 8.695063e-01 1.034936e+01
-1.243840e+01 7.006294e-01 1.383966e+01 2.697869e+01
-9.927330e+00 9.263544e-01 1.178004e+01 2.263372e+01
7.461612e+00 8.460629e+00 9.459646e+00 1.045866e+01
4.844461e+00 8.692340e+00 1.254022e+01 1.638810e+01
1.082843e+00 4.373291e+00 7.663739e+00 1.095419e+01
-5.959711e+00 1.537856e+00 9.035424e+00 1.653299e+01
1.667609e+01 1.392066e+01 1.116523e+01 8.409792e+00
1.913455e+01 1.220363e+01 5.272713e+00 -1.658207e+00
3.108425e+01 1.952233e+01 7.960415e+00 -3.601500e+00
2.432075e+01 1.308660e+01 1.852458e+00 -9.381688e+00
1.870676e+01 1.145893e+01 4.211089e+00 -3.036749e+00
1.225399e+01 9.348788e+00 6.443582e+00 3.538376e+00
1.326153e+00 -1.085591e+00 -3.497334e+00 -5.909078e+00
-6.887366e+00 -4.161680e+00 -1.435995e+00 1.289691e+00
-1.419399e+01 -1.015694e+01 -6.119893e+00 -2.082843e+00
-2.125288e+01 -1.242122e+01 -3.589558e+00 5.242104e+00
-2.212686e+01 -1.144533e+01 -7.637906e-01 9.917745e+00
-1.218796e+01 -8.236961e+00 -4.285959e+00 -3.349572e-01
-1.359342e+01 -9.914033e+00 -6.234643e+00 -2.555254e+00
-1.483882e+01 -1.400130e+01 -1.316377e+01 -1.232625e+01
3.807577e+00 -1.911593e+00 -7.630762e+00 -1.334993e+01
-4.932455e+00 -1.255837e+01 -2.018429e+01 -2.781020e+01
-1.494056e+01 -1.780837e+01 -2.067619e+01 -2.354400e+01
-1.891168e+01 -1.968401e+01 -2.045634e+01 -2.122867e+01
-2.609585e+01 -2.170570e+01 -1.731555e+01 -1.292540e+01
-2.165986e+01 -1.389138e+01 -6.122888e+00 1.645600e+00
1.000567e+01 6.481937e+00 2.958199e+00 -5.655387e-01
2.526682e+01 2.064227e+01 1.601772e+01 1.139317e+01
-4.191239e+00 5.053855e+00 1.429895e+01 2.354404e+01
1.108692e+01 1.505920e+01 1.903148e+01 2.300376e+01
1.099547e+01 1.772506e+01 2.445465e+01 3.118425e+01
2.191428e+01 2.122376e+01 2.053324e+01 1.984273e+01
1.928590e+01 2.049279e+01 2.169968e+01 2.290657e+01
-5.318499e+00 7.418321e+00 2.015514e+01 3.289196e+01
-3.232984e+00 3.177450e+00 9.587884e+00 1.599832e+01
2.399485e+01 2.020892e+01 1.642299e+01 1.263705e+01
3.634087e+01 2.348459e+01 1.062831e+01 -2.227976e+00
1.693574e+01 1.213875e+01 7.341755e+00 2.544764e+00
6.729387e+00 1.455796e+01 2.238654e+01 3.021511e+01
2.016928e+01 1.853906e+01 1.690884e+01 1.527863e+01
3.266228e+01 2.216255e+01 1.166283e+01 1.163103e+00
1.323292e+01 1.294159e+01 1.265026e+01 1.235893e+01
1.538729e+00 7.837217e+00 1.413571e+01 2.043419e+01
-6.821885e+00 5.983375e+00 1.878864e+01 3.159390e+01
2.845621e+00 5.899649e+00 8.953677e+00 1.200771e+01
2.443867e+01 1.462357e+01 4.808471e+00 -5.006628e+00
2.147437e+01 1.418519e+01 6.895997e+00 -3.931916e-01
1.317431e+01 1.533880e+01 1.750330e+01 1.966780e+01
-1.580123e+01 1.172286e+00 1.814580e+01 3.511931e+01
-1.692610e+01 -2.189629e+00 1.254684e+01 2.728331e+01
-3.599903e+01 -1.171465e+01 1.256973e+01 3.685411e+01
-1.302176e+01 -4.751128e+00 3.519503e+00 1.179013e+01
-1.300941e+00 3.072980e+00 7.446901e+00 1.182082e+01
9.879479e+00 8.448474e+00 7.017469e+00 5.586464e+00
-3.820122e+00 -3.778504e+00 -3.736886e+00 -3.695268e+00
3.569056e+00 -1.012014e-01 -3.771458e+00 -7.441715e+00
4.069347e+01 2.539949e+01 1.010551e+01 -5.188467e+00
4.084126e+01 2.554021e+01 1.023916e+01 -5.061884e+00
1.922200e+01 1.001589e+01 8.097816e-01 -8.396325e+00
2.240632e+01 1.416499e+01 5.923666e+00 -2.317662e+00
1.711697e+01 1.097991e+01 4.842844e+00 -1.294219e+00
-5.207359e+00 4.594109e+00 1.439558e+01 2.419704e+01
-1.388387e+01 1.759942e-01 1.423586e+01 2.829572e+01
-4.154719e+01 -2.404547e+01 -6.543750e+00 1.095797e+01
-4.054542e+01 -2.777143e+01 -1.499745e+01 -2.223461e+00
-1.717150e+01 -1.293739e+01 -8.703281e+00 -4.469170e+00
-1.147648e+01 -7.302231e+00 -3.127987e+00 1.046257e+00
-1.983886e+01 -1.536059e+01 -1.088233e+01 -6.404056e+00
-8.050901e+00 -1.062181e+00 5.926540e+00 1.291526e+01
-6.709641e+00 5.579752e-01 7.825591e+00 1.509321e+01
-9.958087e+00 -3.510446e+00 2.937194e+00 9.384835e+00
-7.711467e+00 8.091589e-01 9.329785e+00 1.785041e+01
2.681902e+00 -9.953265e-02 -2.880967e+00 -5.662402e+00
1.837797e+01 1.757463e+00 -1.486304e+01 -3.148355e+01
1.663198e+01 -2.223059e+00 -2.107810e+01 -3.993314e+01
1.329528e+01 1.662752e+00 -9.969776e+00 -2.160231e+01
1.519019e+00 4.000181e-01 -7.189829e-01 -1.837984e+00
-2.537454e+01 -1.463349e+01 -3.892445e+00 6.848602e+00
-1.593882e+01 -6.597371e+00 2.744078e+00 1.208553e+01
-1.504191e+01 -3.713799e+00 7.614310e+00 1.894242e+01
1.829164e+01 1.279043e+01 7.289225e+00 1.788017e+00
2.180977e+01 2.332087e+01 2.483196e+01 2.634305e+01
2.522554e+01 1.725926e+01 9.292987e+00 1.326712e+00
8.538580e+00 3.700114e+00 -1.138351e+00 -5.976817e+00
6.087277e+00 2.903481e+00 -2.803152e-01 -3.464111e+00
-6.859278e+00 -1.023285e+01 -1.360643e+01 -1.698000e+01
3.171190e+01 1.812835e+01 4.544794e+00 -9.038757e+00
1.242655e+01 8.262178e+00 4.097805e+00 -6.656756e-02
-4.125582e+00 1.108605e+00 6.342792e+00 1.157698e+01
-2.928445e+01 -1.600444e+01 -2.724421e+00 1.055559e+01
-3.434436e+01 -2.816827e+01 -2.199219e+01 -1.581611e+01
-1.264569e+01 -2.472330e+01 -3.680090e+01 -4.887851e+01
-1.934410e+01 -2.244915e+01 -2.555420e+01 -2.865925e+01
1.804552e+00 1.143991e+01 2.107528e+01 3.071064e+01
4.982221e+01 4.033051e+01 3.083882e+01 2.134713e+01
9.469515e+01 6.429614e+01 3.389714e+01 3.498131e+00
7.179521e+01 5.883838e+01 4.588155e+01 3.292472e+01
2.390866e+01 2.608150e+01 2.825433e+01 3.042716e+01
1.427611e+01 2.369660e+01 3.311708e+01 4.253756e+01
-1.846174e+01 -1.320547e+01 -7.949194e+00 -2.692922e+00
-2.265242e+01 -3.085484e+01 -3.905725e+01 -4.725967e+01
-7.367594e+00 -1.568567e+01 -2.400375e+01 -3.232184e+01
-2.966618e+01 -2.061416e+01 -1.156214e+01 -2.510121e+00
3.643309e+01 1.772198e+01 -9.891417e-01 -1.970026e+01
4.402987e+00 5.581966e+00 6.760944e+00 7.939923e+00
4.043407e+01 2.154153e+01 2.648988e+00 -1.624355e+01
3.675673e+01 1.005765e+01 -1.664142e+01 -4.334050e+01
1.613719e+01 -4.870049e+00 -2.587728e+01 -4.688452e+01
-7.865939e+00 -2.522478e+01 -4.258362e+01 -5.994246e+01
-1.062930e+01 -1.520073e+01 -1.977216e+01 -2.434359e+01
1.172418e-01 -1.045143e+01 -2.102009e+01 -3.158876e+01
-2.490052e+01 -1.671815e+01 -8.535769e+00 -3.533914e-01
4.732338e+00 8.494682e+00 1.225703e+01 1.601937e+01
-7.388867e+00 -4.752865e+00 -2.116863e+00 5.191384e-01
-1.297292e+01 -1.423764e+01 -1.550237e+01 -1.676710e+01
9.240862e+00 -2.127733e+00 -1.349633e+01 -2.486492e+01
1.333068e+00 -3.579154e-01 -2.048899e+00 -3.739882e+00
-7.481706e+00 -1.221936e+00 5.037833e+00 1.129760e+01
-2.867682e+01 -1.283472e+01 3.007376e+00 1.884948e+01
3.615557e+00 -1.665433e+00 -6.946422e+00 -1.222741e+01
-7.517883e+00 -8.234858e+00 -8.951833e+00 -9.668808e+00
3.211028e-01 -2.199903e+00 -4.720908e+00 -7.241914e+00
-1.796371e+01 -1.288487e+01 -7.806032e+00 -2.727194e+00
-3.993945e+00 -3.348861e+00 -2.703777e+00 -2.058693e+00
1.858089e+01 1.169469e+01 4.808501e+00 -2.077692e+00
1.962137e+01 1.311036e+01 6.599346e+00 8.833124e-02
8.505583e+00 5.641599e+00 2.777614e+00 -8.636963e-02
-2.745082e+00 4.246913e+00 1.123891e+01 1.823090e+01
1.233305e+00 9.747132e+00 1.826096e+01 2.677479e+01
1.482234e+01 1.658146e+01 1.834058e+01 2.009970e+01
2.711654e+01 2.259490e+01 1.807326e+01 1.355162e+01
2.514963e+01 4.805056e+00 -1.553952e+01 -3.588409e+01
-3.510175e+00 -1.051169e+01 -1.751321e+01 -2.451473e+01
-1.437799e+01 -1.513961e+01 -1.590124e+01 -1.666286e+01
-2.491562e+01 -1.177433e+01 1.366964e+00 1.450825e+01
-3.063835e+01 -1.441077e+01 1.816814e+00 1.804440e+01
-1.231607e+01 -1.371777e+01 -1.511947e+01 -1.652117e+01
-1.593936e+01 -8.688870e+00 -1.438382e+00 5.812106e+00
-6.001818e+00 3.413454e+00 1.282873e+01 2.224400e+01
5.392173e-02 8.155495e+00 1.625707e+01 2.435864e+01
-1.295919e+01 4.338729e-01 1.382693e+01 2.722000e+01
7.125377e+00 8.418427e+00 9.711476e+00 1.100453e+01
1.329625e+01 5.420007e+00 -2.456236e+00 -1.033248e+01
-1.263086e+01 -2.854680e+00 6.921502e+00 1.669769e+01
-4.196939e+00 5.844387e-01 5.365816e+00 1.014719e+01
-6.951806e+00 -2.118946e+00 2.713914e+00 7.546774e+00
-1.182689e+01 -2.324136e+00 7.178621e+00 1.668138e+01
-3.045373e+01 -1.324701e+01 3.959705e+00 2.116642e+01
-1.891992e+01 -6.986045e+00 4.947826e+00 1.688170e+01
-1.063374e+01 -3.207932e+00 4.217877e+00 1.164369e+01
5.073248e+00 1.398630e+01 2.289934e+01 3.181239e+01
1.217933e+01 5.906439e+00 -3.664556e-01 -6.639350e+00
-3.823549e+00 -1.273710e+01 -2.165066e+01 -3.056421e+01
-8.715538e+00 -2.159024e+01 -3.446495e+01 -4.733966e+01
-5.974020e+00 -2.151830e+01 -3.706258e+01 -5.260687e+01
-2.188159e+01 -2.477409e+01 -2.766659e+01 -3.055908e+01
-1.719875e+01 -2.115133e+01 -2.510391e+01 -2.905649e+01
-2.675682e+01 -1.400571e+01 -1.254606e+00 1.149650e+01
-2.400474e+01 -8.869350e+00 6.266039e+00 2.140143e+01
-2.518895e+01 -1.186734e+01 1.454263e+00 1.477587e+01
-2.833846e+01 -1.562591e+01 -2.913365e+00 9.799184e+00
-6.477243e+00 -4.094373e+00 -1.711503e+00 6.713668e-01
6.830059e-01 -5.549426e+00 -1.178186e+01 -1.801429e+01
-7.751051e+00 -9.358980e+00 -1.096691e+01 -1.257484e+01
5.162456e+00 3.300487e+00 1.438518e+00 -4.234512e-01
2.642463e+01 1.622617e+01 6.027719e+00 -4.170735e+00
1.830621e+01 1.177136e+01 5.236513e+00 -1.298335e+00
-5.278463e+00 2.373633e+00 1.002573e+01 1.767783e+01
-2.722807e+00 -3.106536e+00 -3.490265e+00 -3.873994e+00
5.351942e+00 4.096444e+00 2.840945e+00 1.585446e+00
1.175452e+01 1.376548e+01 1.577643e+01 1.778739e+01
8.079320e+00 8.248209e+00 8.417098e+00 8.585987e+00
1.483857e+00 1.221502e+00 9.591470e-01 6.967917e-01
-2.503113e+00 -8.565142e-02 2.331810e+00 4.749271e+00
6.917493e+00 6.931054e+00 6.944615e+00 6.958176e+00
-3.833793e+00 4.386364e+00 1.260652e+01 2.082668e+01
-1.441254e+01 -3.843296e+00 6.725944e+00 1.729518e+01
8.963128e+00 9.340722e+00 9.718316e+00 1.009591e+01
8.705640e+00 1.119155e+01 1.367746e+01 1.616337e+01
2.130784e+01 2.102030e+01 2.073275e+01 2.044520e+01
2.641259e+01 2.390880e+01 2.140501e+01 1.890122e+01
2.790778e+01 1.789631e+01 7.884833e+00 -2.126641e+00
1.187062e+01 8.859222e+00 5.847822e+00 2.836423e+00
-2.548399e+00 -8.712485e+00 -1.487657e+01 -2.104066e+01
1.302438e+01 1.970932e+00 -9.082514e+00 -2.013596e+01
3.366815e+00 6.608098e+00 9.849380e+00 1.309066e+01
-5.714027e+00 5.887903e+00 1.748983e+01 2.909176e+01
-4.821037e+00 4.585900e+00 1.399284e+01 2.339977e+01
-1.462368e+00 -6.302738e+00 -1.114311e+01 -1.598348e+01
-9.178462e+00 -1.163320e+01 -1.408793e+01 -1.654266e+01
-1.332864e+01 -1.579336e+01 -1.825808e+01 -2.072279e+01
-1.842585e+01 -1.924914e+01 -2.007244e+01 -2.089573e+01
-1.572362e+01 -1.385207e+01 -1.198053e+01 -1.010899e+01
-8.134198e+00 -9.626188e+00 -1.111818e+01 -1.261017e+01
2.755267e+01 1.125647e+01 -5.039720e+00 -2.133592e+01
2.442627e+01 2.144647e+01 1.846667e+01 1.548687e+01
1.430493e+01 1.078478e+01 7.264643e+00 3.744502e+00
-5.125432e+00 -8.238625e+00 -1.135182e+01 -1.446501e+01
-1.106158e+01 -8.707813e+00 -6.354046e+00 -4.000278e+00
-1.828226e+01 -1.114558e+01 -4.008899e+00 3.127783e+00
-1.743039e+01 -6.828185e+00 3.774016e+00 1.437622e+01
-9.140318e-01 1.990329e+00 4.894690e+00 7.799051e+00
1.819235e+01 4.049598e+00 -1.009315e+01 -2.423590e+01
1.550558e+01 7.753687e+00 1.797069e-03 -7.750092e+00
1.644161e+01 1.309314e+01 9.744669e+00 6.396199e+00
-3.364596e+00 3.762228e+00 1.088905e+01 1.801588e+01
3.354761e+00 2.992516e+00 2.630271e+00 2.268026e+00
2.062671e+01 1.280425e+01 4.981803e+00 -2.840648e+00
1.290531e+01 2.473385e+00 -7.958544e+00 -1.839047e+01
1.123271e+01 8.796651e-01 -9.473381e+00 -1.982643e+01
1.928657e+01 4.045993e+00 -1.119458e+01 -2.643515e+01
1.348795e+00 -2.283847e-01 -1.805564e+00 -3.382744e+00
-1.130647e+01 -4.943647e+00 1.419175e+00 7.781996e+00
-1.014458e+01 -8.911274e+00 -7.677972e+00 -6.444670e+00
-7.441244e+00 -1.243703e+01 -1.743282e+01 -2.242860e+01
-4.458135e+00 -4.796710e-02 4.362201e+00 8.772369e+00
-1.545429e+00 4.501866e+00 1.054916e+01 1.659646e+01
1.238328e+01 8.581017e+00 4.778755e+00 9.764938e-01
2.624638e+01 1.396599e+01 1.685606e+00 -1.059478e+01
8.770407e+00 2.487397e+00 -3.795613e+00 -1.007862e+01
-4.388187e+00 -3.551132e+00 -2.714077e+00 -1.877022e+00
-1.419061e+01 -6.531184e+00 1.128238e+00 8.787661e+00
1.168546e+01 8.168665e+00 4.651872e+00 1.135079e+00
1.597674e+01 1.659969e+01 1.722263e+01 1.784558e+01
6.790666e+00 1.951054e+01 3.223042e+01 4.495029e+01
-3.365994e+00 7.708986e+00 1.878397e+01 2.985895e+01
4.939423e+00 8.113168e+00 1.128691e+01 1.446066e+01
2.729724e+00 6.937925e+00 1.114613e+01 1.535433e+01
2.129610e+01 2.030238e+01 1.930866e+01 1.831494e+01
1.633283e+01 1.268210e+01 9.031368e+00 5.380634e+00
1.250220e+01 3.298829e+00 -5.904544e+00 -1.510792e+01
1.883700e+01 8.803880e+00 -1.229244e+00 -1.126237e+01
0.000000e+00 -0.000000e+00 -0.000000e+00 0.000000e+00
