-2.847204e+04 -2.847789e+04 -2.847325e+04 -2.845280e+04
-2.832980e+04 -2.833509e+04 -2.833173e+04 -2.832491e+04
-2.818756e+04 -2.819229e+04 -2.819020e+04 -2.819702e+04
-2.803701e+04 -2.803779e+04 -2.803873e+04 -2.804947e+04
-2.788781e+04 -2.788561e+04 -2.788377e+04 -2.788215e+04
-2.775087e+04 -2.774378e+04 -2.773982e+04 -2.773389e+04
-2.760225e+04 -2.759549e+04 -2.758762e+04 -2.758151e+04
-2.744619e+04 -2.744128e+04 -2.744401e+04 -2.744152e+04
-2.728138e+04 -2.729262e+04 -2.730545e+04 -2.731249e+04
-2.713039e+04 -2.713904e+04 -2.714521e+04 -2.715719e+04
-2.698621e+04 -2.697468e+04 -2.697134e+04 -2.697296e+04
-2.681235e+04 -2.680763e+04 -2.680131e+04 -2.679614e+04
-2.663858e+04 -2.664465e+04 -2.664453e+04 -2.663902e+04
-2.648638e+04 -2.649238e+04 -2.650170e+04 -2.649427e+04
-2.635053e+04 -2.634940e+04 -2.635361e+04 -2.635880e+04
-2.620501e+04 -2.620233e+04 -2.620097e+04 -2.621126e+04
-2.604860e+04 -2.605003e+04 -2.605568e+04 -2.605808e+04
-2.588491e+04 -2.589310e+04 -2.589644e+04 -2.589349e+04
-2.571810e+04 -2.572598e+04 -2.572840e+04 -2.571939e+04
-2.555799e+04 -2.555406e+04 -2.555659e+04 -2.555259e+04
-2.538332e+04 -2.537772e+04 -2.537795e+04 -2.538560e+04
-2.520817e+04 -2.520483e+04 -2.520494e+04 -2.520710e+04
-2.506153e+04 -2.506288e+04 -2.505670e+04 -2.504806e+04
-2.492104e+04 -2.492424e+04 -2.490799e+04 -2.489989e+04
-2.474505e+04 -2.474322e+04 -2.473552e+04 -2.473230e+04
-2.456684e+04 -2.455717e+04 -2.455908e+04 -2.456155e+04
-2.441809e+04 -2.441276e+04 -2.441032e+04 -2.441200e+04
-2.426402e+04 -2.426935e+04 -2.426811e+04 -2.427115e+04
-2.410099e+04 -2.410544e+04 -2.410814e+04 -2.410895e+04
-2.395428e+04 -2.394641e+04 -2.394473e+04 -2.394291e+04
-2.378973e+04 -2.378345e+04 -2.377906e+04 -2.378721e+04
-2.362639e+04 -2.362011e+04 -2.362079e+04 -2.362331e+04
-2.346404e+04 -2.345973e+04 -2.346316e+04 -2.346315e+04
-2.329075e+04 -2.329727e+04 -2.329882e+04 -2.330102e+04
-2.311685e+04 -2.311836e+04 -2.312058e+04 -2.311377e+04
-2.291710e+04 -2.292487e+04 -2.292964e+04 -2.293257e+04
-2.272912e+04 -2.273887e+04 -2.274263e+04 -2.274675e+04
-2.255622e+04 -2.256100e+04 -2.256529e+04 -2.256362e+04
-2.238808e+04 -2.239360e+04 -2.239634e+04 -2.239575e+04
-2.222787e+04 -2.222712e+04 -2.222916e+04 -2.222177e+04
-2.205889e+04 -2.205220e+04 -2.205470e+04 -2.205290e+04
-2.189604e+04 -2.189563e+04 -2.189451e+04 -2.190110e+04
-2.172482e+04 -2.172977e+04 -2.173058e+04 -2.173865e+04
-2.155008e+04 -2.154241e+04 -2.154208e+04 -2.154381e+04
-2.136507e+04 -2.135891e+04 -2.136363e+04 -2.136594e+04
-2.116369e+04 -2.117298e+04 -2.117958e+04 -2.118602e+04
-2.097403e+04 -2.097826e+04 -2.098115e+04 -2.097854e+04
-2.076980e+04 -2.076866e+04 -2.077370e+04 -2.076530e+04
-2.057122e+04 -2.057286e+04 -2.056543e+04 -2.055853e+04
-2.038807e+04 -2.038193e+04 -2.035988e+04 -2.036166e+04
-2.019573e+04 -2.018089e+04 -2.016120e+04 -2.015875e+04
-1.998071e+04 -1.998459e+04 -1.998214e+04 -1.997325e+04
-1.981028e+04 -1.981474e+04 -1.981586e+04 -1.981173e+04
-1.965313e+04 -1.964552e+04 -1.964046e+04 -1.963536e+04
-1.946263e+04 -1.945909e+04 -1.945646e+04 -1.945759e+04
-1.926537e+04 -1.926535e+04 -1.926260e+04 -1.926811e+04
-1.903293e+04 -1.904125e+04 -1.904673e+04 -1.904163e+04
-1.883208e+04 -1.883800e+04 -1.884940e+04 -1.885011e+04
-1.867819e+04 -1.867237e+04 -1.866540e+04 -1.867611e+04
-1.848989e+04 -1.847603e+04 -1.846958e+04 -1.847499e+04
-1.826966e+04 -1.827123e+04 -1.827773e+04 -1.828031e+04
-1.808486e+04 -1.809974e+04 -1.809379e+04 -1.808798e+04
-1.790663e+04 -1.790608e+04 -1.790022e+04 -1.789651e+04
-1.770509e+04 -1.769143e+04 -1.769749e+04 -1.770215e+04
-1.748159e+04 -1.747726e+04 -1.748719e+04 -1.748152e+04
-1.725515e+04 -1.726567e+04 -1.726947e+04 -1.726320e+04
-1.706844e+04 -1.707714e+04 -1.707540e+04 -1.707100e+04
-1.688140e+04 -1.687931e+04 -1.688334e+04 -1.688450e+04
-1.668386e+04 -1.667671e+04 -1.667522e+04 -1.669069e+04
-1.649908e+04 -1.649708e+04 -1.649079e+04 -1.649914e+04
-1.630139e+04 -1.630477e+04 -1.630068e+04 -1.629208e+04
-1.608525e+04 -1.609678e+04 -1.609826e+04 -1.608553e+04
-1.587133e+04 -1.588316e+04 -1.588885e+04 -1.588812e+04
-1.564662e+04 -1.565929e+04 -1.565951e+04 -1.566487e+04
-1.541464e+04 -1.541312e+04 -1.541721e+04 -1.542215e+04
-1.518585e+04 -1.516806e+04 -1.517107e+04 -1.517318e+04
-1.496146e+04 -1.495033e+04 -1.494826e+04 -1.494684e+04
-1.473451e+04 -1.473435e+04 -1.474136e+04 -1.474553e+04
-1.450254e+04 -1.450928e+04 -1.451109e+04 -1.452007e+04
-1.430496e+04 -1.428851e+04 -1.427578e+04 -1.427467e+04
-1.408185e+04 -1.406710e+04 -1.405621e+04 -1.405309e+04
-1.383752e+04 -1.384515e+04 -1.385291e+04 -1.385444e+04
-1.362816e+04 -1.363168e+04 -1.363954e+04 -1.363599e+04
-1.339598e+04 -1.339602e+04 -1.339502e+04 -1.339198e+04
-1.315317e+04 -1.316203e+04 -1.316274e+04 -1.315356e+04
-1.291441e+04 -1.292413e+04 -1.292521e+04 -1.291474e+04
-1.266477e+04 -1.267477e+04 -1.269341e+04 -1.269571e+04
-1.243411e+04 -1.244342e+04 -1.246205e+04 -1.247266e+04
-1.220870e+04 -1.220187e+04 -1.219759e+04 -1.220403e+04
-1.194093e+04 -1.193184e+04 -1.192046e+04 -1.191997e+04
-1.164427e+04 -1.164862e+04 -1.164669e+04 -1.165080e+04
-1.137253e+04 -1.137291e+04 -1.136629e+04 -1.136386e+04
-1.111704e+04 -1.111125e+04 -1.110113e+04 -1.109254e+04
-1.087054e+04 -1.087170e+04 -1.087299e+04 -1.087469e+04
-1.062931e+04 -1.063038e+04 -1.062906e+04 -1.062887e+04
-1.036710e+04 -1.036224e+04 -1.036369e+04 -1.036805e+04
-1.009766e+04 -1.008873e+04 -1.009671e+04 -1.011293e+04
-9.815462e+03 -9.812662e+03 -9.817586e+03 -9.830859e+03
-9.559070e+03 -9.565745e+03 -9.559164e+03 -9.560852e+03
-9.316347e+03 -9.321512e+03 -9.313724e+03 -9.301153e+03
-9.040435e+03 -9.046070e+03 -9.056731e+03 -9.039992e+03
-8.753231e+03 -8.754704e+03 -8.760228e+03 -8.751241e+03
-8.447953e+03 -8.447333e+03 -8.437034e+03 -8.435826e+03
-8.141275e+03 -8.132052e+03 -8.121887e+03 -8.127507e+03
-7.840157e+03 -7.823207e+03 -7.813123e+03 -7.805989e+03
-7.516417e+03 -7.513123e+03 -7.511948e+03 -7.511120e+03
-7.179644e+03 -7.185944e+03 -7.199265e+03 -7.211914e+03
-6.839532e+03 -6.841070e+03 -6.853888e+03 -6.850643e+03
-6.470476e+03 -6.481176e+03 -6.484409e+03 -6.493644e+03
-6.135104e+03 -6.134932e+03 -6.119879e+03 -6.130107e+03
-5.776973e+03 -5.768456e+03 -5.758478e+03 -5.750751e+03
-5.359362e+03 -5.372851e+03 -5.376382e+03 -5.371053e+03
-4.951601e+03 -4.966939e+03 -4.975867e+03 -4.973761e+03
-4.524909e+03 -4.535614e+03 -4.554186e+03 -4.563949e+03
-4.100192e+03 -4.091992e+03 -4.108911e+03 -4.126069e+03
-3.685267e+03 -3.680149e+03 -3.679547e+03 -3.683711e+03
-3.293771e+03 -3.288798e+03 -3.257608e+03 -3.230922e+03
-2.941122e+03 -2.903557e+03 -2.878342e+03 -2.847164e+03
-2.591776e+03 -2.550030e+03 -2.538920e+03 -2.537208e+03
-2.225947e+03 -2.220453e+03 -2.207439e+03 -2.205410e+03
-1.834932e+03 -1.861702e+03 -1.873147e+03 -1.867345e+03
-1.512784e+03 -1.533307e+03 -1.547925e+03 -1.546072e+03
-1.248926e+03 -1.258775e+03 -1.288213e+03 -1.294979e+03
-1.059894e+03 -1.073088e+03 -1.114446e+03 -1.145263e+03
-9.409345e+02 -9.532925e+02 -9.434147e+02 -9.693471e+02
-8.018195e+02 -8.119313e+02 -7.915788e+02 -7.844362e+02
-6.964383e+02 -6.827890e+02 -6.630307e+02 -6.597744e+02
-6.011945e+02 -5.777764e+02 -5.749984e+02 -5.594533e+02
-5.259710e+02 -5.146098e+02 -5.221514e+02 -5.109717e+02
-4.628779e+02 -4.639482e+02 -4.584022e+02 -4.873506e+02
-3.480779e+02 -3.650993e+02 -3.744894e+02 -3.936255e+02
-2.247356e+02 -2.511554e+02 -2.600180e+02 -2.770976e+02
-9.817539e+01 -1.166302e+02 -1.085061e+02 -1.105251e+02
1.209226e+02 1.319794e+02 1.356959e+02 1.535429e+02
4.725793e+02 4.838840e+02 4.710619e+02 4.951204e+02
8.755996e+02 8.861949e+02 8.945457e+02 9.194720e+02
1.321286e+03 1.320811e+03 1.333251e+03 1.327230e+03
1.809471e+03 1.800046e+03 1.786739e+03 1.772286e+03
2.291251e+03 2.297139e+03 2.293876e+03 2.285760e+03
2.751924e+03 2.757829e+03 2.765803e+03 2.771282e+03
3.200372e+03 3.195670e+03 3.201277e+03 3.214204e+03
3.693955e+03 3.680997e+03 3.681478e+03 3.686053e+03
4.187737e+03 4.195515e+03 4.187294e+03 4.183530e+03
4.648892e+03 4.657927e+03 4.653492e+03 4.645967e+03
5.097398e+03 5.087367e+03 5.096863e+03 5.089593e+03
5.504150e+03 5.498143e+03 5.499500e+03 5.499288e+03
5.859811e+03 5.863560e+03 5.858662e+03 5.865577e+03
6.215115e+03 6.228913e+03 6.239695e+03 6.241528e+03
6.583236e+03 6.594119e+03 6.599695e+03 6.603422e+03
6.941976e+03 6.942091e+03 6.935923e+03 6.940060e+03
7.291553e+03 7.282557e+03 7.282689e+03 7.287197e+03
7.613106e+03 7.605529e+03 7.617211e+03 7.621013e+03
7.929320e+03 7.934216e+03 7.941655e+03 7.941318e+03
8.230803e+03 8.237074e+03 8.243650e+03 8.236886e+03
8.535741e+03 8.533285e+03 8.523965e+03 8.499405e+03
8.846829e+03 8.839037e+03 8.813723e+03 8.803451e+03
9.145167e+03 9.137344e+03 9.125222e+03 9.136982e+03
9.422494e+03 9.418572e+03 9.421231e+03 9.437452e+03
9.698044e+03 9.696159e+03 9.698772e+03 9.713877e+03
9.998617e+03 9.999430e+03 9.996674e+03 9.982943e+03
1.025983e+04 1.025971e+04 1.026555e+04 1.025646e+04
1.049070e+04 1.048829e+04 1.050783e+04 1.051624e+04
1.073693e+04 1.074110e+04 1.075377e+04 1.075880e+04
1.100609e+04 1.100784e+04 1.100311e+04 1.100883e+04
1.126470e+04 1.126892e+04 1.126496e+04 1.126237e+04
1.150487e+04 1.151679e+04 1.150985e+04 1.150051e+04
1.175283e+04 1.174927e+04 1.174155e+04 1.174648e+04
1.201990e+04 1.201456e+04 1.201507e+04 1.202238e+04
1.228674e+04 1.228882e+04 1.228747e+04 1.228461e+04
1.252967e+04 1.252432e+04 1.252677e+04 1.252613e+04
1.277616e+04 1.276151e+04 1.276503e+04 1.276275e+04
1.302134e+04 1.302022e+04 1.301668e+04 1.301799e+04
1.324819e+04 1.326228e+04 1.325823e+04 1.326254e+04
1.348195e+04 1.348999e+04 1.350292e+04 1.350794e+04
1.373796e+04 1.374411e+04 1.374707e+04 1.373953e+04
1.398495e+04 1.398483e+04 1.395823e+04 1.394028e+04
1.419844e+04 1.419263e+04 1.417094e+04 1.415853e+04
1.440670e+04 1.440068e+04 1.439792e+04 1.438527e+04
1.461900e+04 1.461299e+04 1.461582e+04 1.461979e+04
1.482406e+04 1.482239e+04 1.482443e+04 1.483435e+04
1.503421e+04 1.503470e+04 1.504498e+04 1.506111e+04
1.526453e+04 1.526484e+04 1.527682e+04 1.529621e+04
1.548694e+04 1.548610e+04 1.548908e+04 1.548881e+04
1.569403e+04 1.569085e+04 1.568727e+04 1.568167e+04
1.588085e+04 1.588819e+04 1.588863e+04 1.588503e+04
1.607854e+04 1.608817e+04 1.608862e+04 1.607930e+04
1.629591e+04 1.629416e+04 1.629064e+04 1.628490e+04
1.649056e+04 1.649219e+04 1.649941e+04 1.650541e+04
1.670546e+04 1.671372e+04 1.673104e+04 1.673071e+04
1.693983e+04 1.693985e+04 1.694830e+04 1.694365e+04
1.716364e+04 1.715236e+04 1.714979e+04 1.715635e+04
1.737912e+04 1.737681e+04 1.736424e+04 1.736808e+04
1.758716e+04 1.759749e+04 1.758889e+04 1.759030e+04
1.780873e+04 1.781063e+04 1.782560e+04 1.782990e+04
1.803084e+04 1.802610e+04 1.803499e+04 1.803168e+04
1.823599e+04 1.823116e+04 1.822345e+04 1.821634e+04
1.841727e+04 1.841473e+04 1.840894e+04 1.840864e+04
1.858196e+04 1.858691e+04 1.858767e+04 1.859290e+04
1.874840e+04 1.874945e+04 1.875287e+04 1.875973e+04
1.892773e+04 1.892315e+04 1.891695e+04 1.892293e+04
1.910952e+04 1.911645e+04 1.911447e+04 1.911356e+04
1.930534e+04 1.931037e+04 1.932038e+04 1.931733e+04
1.950959e+04 1.950677e+04 1.952127e+04 1.951779e+04
1.970500e+04 1.971194e+04 1.971771e+04 1.971967e+04
1.990132e+04 1.990746e+04 1.989819e+04 1.989461e+04
2.008563e+04 2.008011e+04 2.007058e+04 2.006455e+04
2.027378e+04 2.026267e+04 2.024718e+04 2.023991e+04
2.047043e+04 2.046738e+04 2.046355e+04 2.045245e+04
2.066183e+04 2.066335e+04 2.067715e+04 2.068807e+04
2.085443e+04 2.085286e+04 2.085834e+04 2.087943e+04
2.103755e+04 2.104073e+04 2.103552e+04 2.104488e+04
2.122510e+04 2.122716e+04 2.121291e+04 2.119852e+04
2.141377e+04 2.140760e+04 2.139756e+04 2.137952e+04
2.158828e+04 2.157986e+04 2.157879e+04 2.157274e+04
2.175770e+04 2.175503e+04 2.175009e+04 2.174904e+04
2.194231e+04 2.194679e+04 2.194425e+04 2.195306e+04
2.214812e+04 2.215614e+04 2.215775e+04 2.216509e+04
2.232742e+04 2.234165e+04 2.235253e+04 2.234859e+04
2.249538e+04 2.250240e+04 2.252646e+04 2.253199e+04
2.269696e+04 2.268604e+04 2.269649e+04 2.269835e+04
2.289490e+04 2.288137e+04 2.286522e+04 2.285156e+04
2.305742e+04 2.305361e+04 2.303793e+04 2.303999e+04
2.321397e+04 2.321666e+04 2.321107e+04 2.322401e+04
2.337492e+04 2.337659e+04 2.337680e+04 2.338672e+04
2.353751e+04 2.354248e+04 2.355065e+04 2.355138e+04
2.371159e+04 2.371880e+04 2.372247e+04 2.370493e+04
2.387892e+04 2.388152e+04 2.388468e+04 2.387663e+04
2.403816e+04 2.404084e+04 2.404720e+04 2.406068e+04
2.423385e+04 2.422893e+04 2.422985e+04 2.423981e+04
2.442011e+04 2.441713e+04 2.441001e+04 2.441002e+04
2.456897e+04 2.458012e+04 2.457801e+04 2.457421e+04
2.474594e+04 2.474880e+04 2.474542e+04 2.473821e+04
2.491833e+04 2.490897e+04 2.490640e+04 2.489452e+04
2.507308e+04 2.506943e+04 2.507465e+04 2.506619e+04
2.524742e+04 2.524226e+04 2.524632e+04 2.524993e+04
2.542235e+04 2.541300e+04 2.541336e+04 2.542561e+04
2.559664e+04 2.559675e+04 2.558796e+04 2.559087e+04
2.575608e+04 2.575796e+04 2.574859e+04 2.573910e+04
2.589261e+04 2.589261e+04 2.590148e+04 2.590465e+04
2.605433e+04 2.605393e+04 2.607127e+04 2.608191e+04
2.623577e+04 2.624478e+04 2.624439e+04 2.624520e+04
2.640046e+04 2.641368e+04 2.640993e+04 2.640482e+04
2.656787e+04 2.656436e+04 2.656177e+04 2.655578e+04
2.674427e+04 2.672923e+04 2.672676e+04 2.672483e+04
2.690263e+04 2.689027e+04 2.689361e+04 2.689519e+04
2.704515e+04 2.705204e+04 2.705686e+04 2.705940e+04
2.720310e+04 2.722227e+04 2.722623e+04 2.723836e+04
2.737193e+04 2.737252e+04 2.738327e+04 2.740010e+04
2.754910e+04 2.753743e+04 2.754021e+04 2.753900e+04
2.772477e+04 2.772476e+04 2.771338e+04 2.770381e+04
2.789319e+04 2.789813e+04 2.789242e+04 2.789049e+04
2.805013e+04 2.805516e+04 2.806232e+04 2.806318e+04
2.821370e+04 2.821337e+04 2.821944e+04 2.821125e+04
2.838556e+04 2.837901e+04 2.836856e+04 2.835380e+04
2.852430e+04 2.852586e+04 2.852042e+04 2.851560e+04
2.867426e+04 2.867351e+04 2.867096e+04 2.867942e+04
2.882423e+04 2.882116e+04 2.882151e+04 2.884323e+04
