0.000000e+00 0.000000e+00 0.000000e+00 0.000000e+00
7.434251e+00 7.433743e+00 7.433853e+00 7.431334e+00
1.482888e+01 1.483165e+01 1.482989e+01 1.482632e+01
2.218868e+01 2.219065e+01 2.218966e+01 2.219071e+01
2.950450e+01 2.950768e+01 2.950641e+01 2.950847e+01
3.678621e+01 3.678702e+01 3.678507e+01 3.678527e+01
4.403035e+01 4.402981e+01 4.402647e+01 4.402542e+01
5.123426e+01 5.123153e+01 5.122547e+01 5.122247e+01
5.839672e+01 5.839361e+01 5.839170e+01 5.838935e+01
6.551436e+01 6.551751e+01 6.551817e+01 6.551885e+01
7.259778e+01 7.259920e+01 7.260051e+01 7.260444e+01
7.963995e+01 7.963707e+01 7.963598e+01 7.963751e+01
8.663237e+01 8.663132e+01 8.662933e+01 8.663054e+01
9.358359e+01 9.358388e+01 9.358272e+01 9.358137e+01
1.004963e+02 1.004984e+02 1.005013e+02 1.004986e+02
1.073764e+02 1.073761e+02 1.073772e+02 1.073786e+02
1.142130e+02 1.142137e+02 1.142159e+02 1.142186e+02
1.210113e+02 1.210117e+02 1.210157e+02 1.210183e+02
1.277622e+02 1.277671e+02 1.277710e+02 1.277722e+02
1.344731e+02 1.344776e+02 1.344829e+02 1.344808e+02
1.411402e+02 1.411431e+02 1.411483e+02 1.411474e+02
1.477597e+02 1.477613e+02 1.477667e+02 1.477686e+02
1.543351e+02 1.543362e+02 1.543415e+02 1.543417e+02
1.608778e+02 1.608801e+02 1.608823e+02 1.608797e+02
1.673797e+02 1.673825e+02 1.673793e+02 1.673753e+02
1.738303e+02 1.738317e+02 1.738298e+02 1.738255e+02
1.802389e+02 1.802367e+02 1.802345e+02 1.802317e+02
1.866116e+02 1.866102e+02 1.866071e+02 1.866037e+02
1.929396e+02 1.929402e+02 1.929373e+02 1.929361e+02
1.992270e+02 1.992279e+02 1.992262e+02 1.992232e+02
2.054782e+02 2.054746e+02 2.054709e+02 2.054688e+02
2.116794e+02 2.116771e+02 2.116730e+02 2.116743e+02
2.178451e+02 2.178383e+02 2.178349e+02 2.178341e+02
2.239614e+02 2.239568e+02 2.239545e+02 2.239558e+02
2.300363e+02 2.300329e+02 2.300303e+02 2.300307e+02
2.360616e+02 2.360578e+02 2.360567e+02 2.360544e+02
2.420320e+02 2.420327e+02 2.420326e+02 2.420345e+02
2.479589e+02 2.479602e+02 2.479611e+02 2.479609e+02
2.538388e+02 2.538419e+02 2.538441e+02 2.538451e+02
2.596776e+02 2.596818e+02 2.596841e+02 2.596837e+02
2.654737e+02 2.654764e+02 2.654797e+02 2.654768e+02
2.712241e+02 2.712248e+02 2.712284e+02 2.712270e+02
2.769349e+02 2.769374e+02 2.769401e+02 2.769407e+02
2.825957e+02 2.825989e+02 2.826030e+02 2.826058e+02
2.882150e+02 2.882135e+02 2.882160e+02 2.882175e+02
2.937790e+02 2.937790e+02 2.937855e+02 2.937896e+02
2.992929e+02 2.992963e+02 2.993022e+02 2.993071e+02
3.047576e+02 3.047598e+02 3.047679e+02 3.047705e+02
3.101646e+02 3.101674e+02 3.101759e+02 3.101764e+02
3.155253e+02 3.155284e+02 3.155326e+02 3.155316e+02
3.208365e+02 3.208360e+02 3.208331e+02 3.208345e+02
3.260965e+02 3.260919e+02 3.260857e+02 3.260835e+02
3.312951e+02 3.312967e+02 3.312925e+02 3.312892e+02
3.364659e+02 3.364636e+02 3.364581e+02 3.364537e+02
3.415823e+02 3.415799e+02 3.415730e+02 3.415671e+02
3.466534e+02 3.466492e+02 3.466423e+02 3.466385e+02
3.516665e+02 3.516641e+02 3.516558e+02 3.516528e+02
3.566160e+02 3.566161e+02 3.566121e+02 3.566056e+02
3.615239e+02 3.615246e+02 3.615223e+02 3.615196e+02
3.663928e+02 3.663900e+02 3.663823e+02 3.663814e+02
3.712022e+02 3.711957e+02 3.711899e+02 3.711901e+02
3.759559e+02 3.759538e+02 3.759495e+02 3.759500e+02
3.806685e+02 3.806698e+02 3.806609e+02 3.806580e+02
3.853289e+02 3.853265e+02 3.853191e+02 3.853177e+02
3.899360e+02 3.899301e+02 3.899244e+02 3.899240e+02
3.944794e+02 3.944748e+02 3.944726e+02 3.944682e+02
3.989680e+02 3.989676e+02 3.989639e+02 3.989602e+02
4.034136e+02 4.034136e+02 4.034105e+02 4.034038e+02
4.078044e+02 4.078029e+02 4.078013e+02 4.077982e+02
4.121466e+02 4.121428e+02 4.121389e+02 4.121403e+02
4.164406e+02 4.164381e+02 4.164332e+02 4.164345e+02
4.206794e+02 4.206773e+02 4.206713e+02 4.206682e+02
4.248602e+02 4.248637e+02 4.248596e+02 4.248542e+02
4.289870e+02 4.289912e+02 4.289882e+02 4.289846e+02
4.330503e+02 4.330604e+02 4.330564e+02 4.330538e+02
4.370556e+02 4.370590e+02 4.370581e+02 4.370572e+02
4.409991e+02 4.409999e+02 4.409975e+02 4.409960e+02
4.448870e+02 4.448846e+02 4.448826e+02 4.448809e+02
4.487117e+02 4.487124e+02 4.487137e+02 4.487144e+02
4.524782e+02 4.524793e+02 4.524782e+02 4.524812e+02
4.561995e+02 4.561916e+02 4.561862e+02 4.561863e+02
4.598491e+02 4.598425e+02 4.598358e+02 4.598372e+02
4.634425e+02 4.634386e+02 4.634373e+02 4.634382e+02
4.669826e+02 4.669778e+02 4.669752e+02 4.669747e+02
4.704545e+02 4.704506e+02 4.704488e+02 4.704481e+02
4.738675e+02 4.738673e+02 4.738651e+02 4.738598e+02
4.772144e+02 4.772156e+02 4.772143e+02 4.772081e+02
4.804967e+02 4.805018e+02 4.805093e+02 4.805052e+02
4.837229e+02 4.837289e+02 4.837374e+02 4.837368e+02
4.868872e+02 4.868887e+02 4.868940e+02 4.868933e+02
4.899732e+02 4.899745e+02 4.899770e+02 4.899762e+02
4.929822e+02 4.929860e+02 4.929903e+02 4.929917e+02
4.959260e+02 4.959275e+02 4.959266e+02 4.959244e+02
4.988013e+02 4.988021e+02 4.988010e+02 4.987980e+02
5.016161e+02 5.016182e+02 5.016179e+02 5.016166e+02
5.043651e+02 5.043664e+02 5.043647e+02 5.043615e+02
5.070426e+02 5.070422e+02 5.070426e+02 5.070437e+02
5.096506e+02 5.096472e+02 5.096497e+02 5.096550e+02
5.121804e+02 5.121785e+02 5.121815e+02 5.121895e+02
5.146542e+02 5.146543e+02 5.146533e+02 5.146595e+02
5.170569e+02 5.170577e+02 5.170567e+02 5.170581e+02
5.193863e+02 5.193894e+02 5.193939e+02 5.193914e+02
5.216387e+02 5.216403e+02 5.216421e+02 5.216388e+02
5.238083e+02 5.238110e+02 5.238102e+02 5.238070e+02
5.259001e+02 5.258969e+02 5.258934e+02 5.258931e+02
5.279121e+02 5.279060e+02 5.278999e+02 5.278930e+02
5.298345e+02 5.298295e+02 5.298254e+02 5.298247e+02
5.316702e+02 5.316674e+02 5.316682e+02 5.316680e+02
5.334145e+02 5.334104e+02 5.334130e+02 5.334105e+02
5.350571e+02 5.350599e+02 5.350624e+02 5.350670e+02
5.366259e+02 5.366217e+02 5.366164e+02 5.366193e+02
5.380810e+02 5.380793e+02 5.380766e+02 5.380771e+02
5.394312e+02 5.394340e+02 5.394306e+02 5.394307e+02
5.406728e+02 5.406792e+02 5.406812e+02 5.406806e+02
5.417997e+02 5.418081e+02 5.418144e+02 5.418196e+02
5.428190e+02 5.428211e+02 5.428319e+02 5.428403e+02
5.437287e+02 5.437344e+02 5.437404e+02 5.437478e+02
5.445431e+02 5.445425e+02 5.445371e+02 5.445315e+02
5.452682e+02 5.452543e+02 5.452471e+02 5.452381e+02
5.458997e+02 5.458773e+02 5.458661e+02 5.458596e+02
5.464333e+02 5.464165e+02 5.464025e+02 5.463925e+02
5.468602e+02 5.468518e+02 5.468465e+02 5.468370e+02
5.472252e+02 5.472191e+02 5.472128e+02 5.472018e+02
5.475139e+02 5.475107e+02 5.475208e+02 5.475149e+02
5.477800e+02 5.477808e+02 5.477961e+02 5.478013e+02
5.480064e+02 5.480097e+02 5.480147e+02 5.480223e+02
5.481997e+02 5.482058e+02 5.482105e+02 5.482119e+02
5.483710e+02 5.483671e+02 5.483617e+02 5.483676e+02
5.485144e+02 5.485083e+02 5.485114e+02 5.485047e+02
5.486463e+02 5.486365e+02 5.486350e+02 5.486351e+02
5.487566e+02 5.487511e+02 5.487514e+02 5.487598e+02
5.488285e+02 5.488276e+02 5.488310e+02 5.488411e+02
5.488743e+02 5.488826e+02 5.488875e+02 5.489049e+02
5.488799e+02 5.488886e+02 5.488878e+02 5.488990e+02
5.488110e+02 5.488135e+02 5.488165e+02 5.488245e+02
5.486325e+02 5.486353e+02 5.486413e+02 5.486398e+02
5.483527e+02 5.483496e+02 5.483482e+02 5.483432e+02
5.479409e+02 5.479440e+02 5.479434e+02 5.479451e+02
5.474055e+02 5.474074e+02 5.474130e+02 5.474155e+02
5.467416e+02 5.467416e+02 5.467427e+02 5.467486e+02
5.459651e+02 5.459638e+02 5.459652e+02 5.459649e+02
5.450664e+02 5.450688e+02 5.450670e+02 5.450662e+02
5.440315e+02 5.440371e+02 5.440382e+02 5.440355e+02
5.428744e+02 5.428727e+02 5.428752e+02 5.428764e+02
5.415981e+02 5.415989e+02 5.416024e+02 5.416036e+02
5.402062e+02 5.402098e+02 5.402074e+02 5.402123e+02
5.387170e+02 5.387210e+02 5.387238e+02 5.387251e+02
5.371390e+02 5.371406e+02 5.371407e+02 5.371420e+02
5.354638e+02 5.354606e+02 5.354577e+02 5.354580e+02
5.336930e+02 5.336890e+02 5.336862e+02 5.336855e+02
5.318301e+02 5.318268e+02 5.318272e+02 5.318254e+02
5.298764e+02 5.298770e+02 5.298741e+02 5.298711e+02
5.278451e+02 5.278458e+02 5.278400e+02 5.278362e+02
5.257259e+02 5.257240e+02 5.257172e+02 5.257144e+02
5.235368e+02 5.235342e+02 5.235250e+02 5.235247e+02
5.212579e+02 5.212573e+02 5.212554e+02 5.212655e+02
5.189061e+02 5.189075e+02 5.189116e+02 5.189167e+02
5.164710e+02 5.164745e+02 5.164789e+02 5.164828e+02
5.139740e+02 5.139775e+02 5.139801e+02 5.139768e+02
5.113947e+02 5.113992e+02 5.114022e+02 5.113982e+02
5.087403e+02 5.087434e+02 5.087475e+02 5.087513e+02
5.060243e+02 5.060288e+02 5.060289e+02 5.060296e+02
5.032491e+02 5.032534e+02 5.032473e+02 5.032467e+02
5.004042e+02 5.004065e+02 5.003999e+02 5.003980e+02
4.974881e+02 4.974915e+02 4.974879e+02 4.974843e+02
4.945078e+02 4.945080e+02 4.945034e+02 4.945029e+02
4.914660e+02 4.914632e+02 4.914632e+02 4.914645e+02
4.883560e+02 4.883580e+02 4.883575e+02 4.883543e+02
4.851743e+02 4.851743e+02 4.851740e+02 4.851715e+02
4.819246e+02 4.819255e+02 4.819257e+02 4.819241e+02
4.786158e+02 4.786186e+02 4.786171e+02 4.786149e+02
4.752371e+02 4.752457e+02 4.752440e+02 4.752436e+02
4.718000e+02 4.718034e+02 4.718036e+02 4.718008e+02
4.683025e+02 4.683037e+02 4.683042e+02 4.683015e+02
4.647430e+02 4.647422e+02 4.647357e+02 4.647302e+02
4.611115e+02 4.611095e+02 4.611085e+02 4.611097e+02
4.574228e+02 4.574220e+02 4.574294e+02 4.574334e+02
4.536796e+02 4.536806e+02 4.536909e+02 4.536986e+02
4.498818e+02 4.498842e+02 4.498930e+02 4.499036e+02
4.460274e+02 4.460316e+02 4.460404e+02 4.460461e+02
4.421223e+02 4.421256e+02 4.421334e+02 4.421387e+02
4.381580e+02 4.381619e+02 4.381653e+02 4.381625e+02
4.341323e+02 4.341354e+02 4.341369e+02 4.341321e+02
4.300515e+02 4.300559e+02 4.300577e+02 4.300551e+02
4.259174e+02 4.259222e+02 4.259256e+02 4.259237e+02
4.217389e+02 4.217394e+02 4.217410e+02 4.217403e+02
4.175013e+02 4.175011e+02 4.175042e+02 4.175072e+02
4.132090e+02 4.132104e+02 4.132139e+02 4.132161e+02
4.088695e+02 4.088684e+02 4.088678e+02 4.088677e+02
4.044647e+02 4.044618e+02 4.044562e+02 4.044587e+02
4.000026e+02 4.000015e+02 3.999964e+02 3.999987e+02
3.954806e+02 3.954836e+02 3.954794e+02 3.954784e+02
3.909057e+02 3.909058e+02 3.909073e+02 3.909076e+02
3.862748e+02 3.862724e+02 3.862727e+02 3.862710e+02
3.815840e+02 3.815830e+02 3.815767e+02 3.815748e+02
3.768368e+02 3.768369e+02 3.768325e+02 3.768325e+02
3.720386e+02 3.720402e+02 3.720379e+02 3.720397e+02
3.671965e+02 3.671979e+02 3.671966e+02 3.671967e+02
3.623121e+02 3.623111e+02 3.623084e+02 3.623074e+02
3.573829e+02 3.573838e+02 3.573806e+02 3.573772e+02
3.524046e+02 3.524060e+02 3.524066e+02 3.524025e+02
3.473803e+02 3.473775e+02 3.473754e+02 3.473724e+02
3.422994e+02 3.422982e+02 3.422936e+02 3.422911e+02
3.371682e+02 3.371669e+02 3.371572e+02 3.371561e+02
3.319851e+02 3.319803e+02 3.319726e+02 3.319690e+02
3.267511e+02 3.267466e+02 3.267418e+02 3.267425e+02
3.214715e+02 3.214696e+02 3.214669e+02 3.214665e+02
3.161391e+02 3.161404e+02 3.161436e+02 3.161482e+02
3.107565e+02 3.107562e+02 3.107555e+02 3.107609e+02
3.053239e+02 3.053244e+02 3.053204e+02 3.053193e+02
2.998405e+02 2.998410e+02 2.998375e+02 2.998319e+02
2.943121e+02 2.943109e+02 2.943097e+02 2.943036e+02
2.887305e+02 2.887299e+02 2.887338e+02 2.887357e+02
2.831033e+02 2.831054e+02 2.831094e+02 2.831127e+02
2.774304e+02 2.774342e+02 2.774387e+02 2.774438e+02
2.717145e+02 2.717180e+02 2.717246e+02 2.717285e+02
2.659450e+02 2.659464e+02 2.659522e+02 2.659527e+02
2.601213e+02 2.601206e+02 2.601264e+02 2.601264e+02
2.542580e+02 2.542520e+02 2.542521e+02 2.542546e+02
2.483464e+02 2.483420e+02 2.483352e+02 2.483323e+02
2.423775e+02 2.423773e+02 2.423719e+02 2.423735e+02
2.363623e+02 2.363650e+02 2.363667e+02 2.363710e+02
2.303084e+02 2.303101e+02 2.303130e+02 2.303135e+02
2.242113e+02 2.242126e+02 2.242171e+02 2.242147e+02
2.180731e+02 2.180739e+02 2.180767e+02 2.180720e+02
2.118909e+02 2.118896e+02 2.118898e+02 2.118870e+02
2.056616e+02 2.056586e+02 2.056595e+02 2.056639e+02
1.993917e+02 1.993891e+02 1.993877e+02 1.993891e+02
1.930791e+02 1.930748e+02 1.930722e+02 1.930697e+02
1.867068e+02 1.867067e+02 1.867049e+02 1.867010e+02
1.802967e+02 1.802939e+02 1.802951e+02 1.802925e+02
1.738465e+02 1.738406e+02 1.738398e+02 1.738380e+02
1.673437e+02 1.673395e+02 1.673424e+02 1.673436e+02
1.608033e+02 1.608023e+02 1.608029e+02 1.608073e+02
1.542196e+02 1.542172e+02 1.542174e+02 1.542231e+02
1.475879e+02 1.475895e+02 1.475880e+02 1.475905e+02
1.409125e+02 1.409151e+02 1.409151e+02 1.409143e+02
1.341896e+02 1.341913e+02 1.341943e+02 1.341953e+02
1.274308e+02 1.274324e+02 1.274374e+02 1.274415e+02
1.206365e+02 1.206381e+02 1.206365e+02 1.206358e+02
1.137930e+02 1.137948e+02 1.137907e+02 1.137893e+02
1.069037e+02 1.069006e+02 1.068992e+02 1.068981e+02
9.997404e+01 9.996888e+01 9.996673e+01 9.996800e+01
9.299708e+01 9.299580e+01 9.299578e+01 9.299779e+01
8.597508e+01 8.597780e+01 8.597694e+01 8.597922e+01
7.891523e+01 7.892043e+01 7.891865e+01 7.891984e+01
7.181864e+01 7.181775e+01 7.181436e+01 7.181531e+01
6.467611e+01 6.467127e+01 6.466742e+01 6.466226e+01
5.749115e+01 5.748995e+01 5.748093e+01 5.747308e+01
5.025588e+01 5.025715e+01 5.025184e+01 5.024732e+01
4.297896e+01 4.297777e+01 4.297471e+01 4.297186e+01
3.565554e+01 3.565422e+01 3.565190e+01 3.564839e+01
2.829647e+01 2.829265e+01 2.828585e+01 2.828254e+01
2.088743e+01 2.088629e+01 2.088079e+01 2.088156e+01
1.343840e+01 1.343801e+01 1.343668e+01 1.344110e+01
5.956740e+00 5.954782e+00 5.952132e+00 5.955425e+00
-1.570780e+00 -1.570780e+00 -1.570780e+00 -1.570780e+00
