1.457570e+12 4.340355e+12 5.079822e+12 7.791218e+11
2.019683e+12 4.920048e+12 5.056410e+12 9.953225e+11
3.289733e+12 5.597976e+12 5.418741e+12 2.101478e+12
3.590912e+12 5.068271e+12 4.976763e+12 2.147412e+12
3.041916e+12 4.931516e+12 4.111224e+12 2.864233e+12
2.790548e+12 5.102519e+12 4.324016e+12 3.913304e+12
3.081125e+12 4.377546e+12 4.227939e+12 3.815944e+12
5.171934e+12 3.310629e+12 4.451071e+12 3.739485e+12
4.823531e+12 3.073190e+12 5.058660e+12 4.935652e+12
3.597130e+12 4.466073e+12 4.991416e+12 7.597067e+12
4.343139e+12 4.913996e+12 4.149436e+12 7.326970e+12
5.645265e+12 4.810226e+12 5.967574e+12 9.457933e+12
7.900867e+12 6.987165e+12 7.610041e+12 9.553872e+12
8.020928e+12 6.721248e+12 7.365515e+12 8.210000e+12
6.223958e+12 7.039329e+12 7.159558e+12 8.699929e+12
5.117536e+12 5.713536e+12 7.872695e+12 7.417381e+12
3.676001e+12 5.547916e+12 6.697170e+12 5.411713e+12
3.082443e+12 4.492229e+12 5.517272e+12 6.785186e+12
2.289049e+12 4.077446e+12 7.555367e+12 9.253551e+12
2.059371e+12 3.458250e+12 8.202004e+12 9.060933e+12
2.118355e+12 3.962642e+12 7.394500e+12 7.172917e+12
2.633945e+12 3.878698e+12 6.837085e+12 7.258840e+12
2.016781e+12 3.777597e+12 6.501864e+12 7.793433e+12
7.226416e+11 3.133432e+12 5.873934e+12 7.224503e+12
9.779033e+11 2.597819e+12 5.047356e+12 7.050994e+12
1.426287e+12 2.759051e+12 5.668162e+12 7.486966e+12
2.703567e+12 2.619793e+12 4.686764e+12 8.166652e+12
3.864217e+12 3.300740e+12 4.974638e+12 1.154849e+13
3.332778e+12 4.325090e+12 5.612398e+12 1.103156e+13
2.058760e+12 4.463324e+12 4.205203e+12 7.185725e+12
2.868896e+12 5.008607e+12 4.635822e+12 6.967498e+12
2.849896e+12 4.305079e+12 5.174461e+12 7.386337e+12
3.469875e+12 4.273502e+12 6.692809e+12 7.294162e+12
3.233540e+12 4.767809e+12 7.135044e+12 7.992154e+12
3.814143e+12 5.440560e+12 6.989165e+12 7.511172e+12
6.176901e+12 5.453002e+12 6.542490e+12 6.893446e+12
5.726771e+12 5.515086e+12 5.541491e+12 8.570228e+12
4.010519e+12 5.835049e+12 6.406466e+12 7.718759e+12
2.890393e+12 5.914155e+12 5.669071e+12 5.482368e+12
2.395930e+12 5.910484e+12 6.455457e+12 4.195928e+12
3.077153e+12 6.683818e+12 6.726086e+12 4.436353e+12
5.197621e+12 6.436077e+12 5.956126e+12 6.047095e+12
6.957848e+12 6.530591e+12 5.241568e+12 6.399629e+12
6.691236e+12 6.607566e+12 5.941094e+12 6.535867e+12
6.836061e+12 5.611694e+12 6.479148e+12 6.273032e+12
5.877089e+12 4.946052e+12 7.043913e+12 6.339110e+12
5.553695e+12 6.703956e+12 7.066503e+12 5.998998e+12
3.029237e+12 5.504836e+12 7.644546e+12 6.002260e+12
2.059638e+12 5.006867e+12 6.986484e+12 5.931701e+12
2.447348e+12 4.883348e+12 6.617277e+12 6.683836e+12
3.368396e+12 6.142832e+12 6.890466e+12 3.784362e+12
4.707350e+12 5.020541e+12 6.390845e+12 2.462128e+12
5.563738e+12 3.860230e+12 6.028384e+12 4.982868e+12
3.726940e+12 3.142611e+12 5.644720e+12 7.861489e+12
5.005020e+12 4.266343e+12 6.068289e+12 7.788549e+12
5.031042e+12 3.741557e+12 6.933661e+12 1.009783e+13
6.045151e+12 5.001619e+12 5.868489e+12 9.199848e+12
7.543474e+12 4.695664e+12 5.750910e+12 9.352542e+12
6.791745e+12 5.478047e+12 4.618380e+12 9.459602e+12
6.193641e+12 5.815071e+12 5.228396e+12 8.105095e+12
5.719436e+12 7.103523e+12 5.813957e+12 6.484073e+12
6.772874e+12 7.777323e+12 5.702929e+12 6.694703e+12
6.581591e+12 6.240192e+12 4.372283e+12 5.864467e+12
6.963109e+12 6.394612e+12 4.153292e+12 5.677869e+12
7.112329e+12 5.855486e+12 4.297028e+12 7.116615e+12
6.426392e+12 5.953231e+12 5.100825e+12 8.002222e+12
3.915151e+12 4.634147e+12 6.438672e+12 9.396963e+12
4.670538e+12 5.554339e+12 7.813020e+12 9.833535e+12
5.164036e+12 5.168291e+12 6.831880e+12 8.956056e+12
6.110005e+12 4.386399e+12 6.806443e+12 9.102971e+12
6.508281e+12 4.751600e+12 7.822737e+12 8.512340e+12
6.268186e+12 7.675818e+12 8.050641e+12 8.221547e+12
6.806477e+12 9.756596e+12 6.477871e+12 7.095741e+12
8.395341e+12 9.871903e+12 6.372584e+12 4.758646e+12
1.082493e+13 1.107274e+13 7.162653e+12 2.853510e+12
8.530368e+12 7.591958e+12 6.586015e+12 2.708067e+12
7.569194e+12 4.919828e+12 4.808154e+12 1.802041e+12
8.502367e+12 4.302341e+12 4.286396e+12 2.695327e+12
6.890337e+12 3.489096e+12 5.022461e+12 4.048075e+12
7.094616e+12 3.637830e+12 5.253722e+12 5.688443e+12
7.896064e+12 5.271898e+12 4.451293e+12 8.374757e+12
8.617189e+12 8.296628e+12 5.901094e+12 8.288868e+12
7.885475e+12 8.764371e+12 6.036790e+12 1.040359e+13
7.740263e+12 1.047411e+13 7.957932e+12 9.014040e+12
5.606737e+12 9.578840e+12 7.650397e+12 6.078086e+12
7.326172e+12 7.452489e+12 7.975685e+12 8.469147e+12
8.695177e+12 5.352286e+12 6.972384e+12 7.431940e+12
6.847528e+12 5.032764e+12 5.885675e+12 3.882202e+12
9.595906e+12 4.755925e+12 6.056267e+12 3.705557e+12
9.373799e+12 4.550978e+12 7.177523e+12 3.317828e+12
6.649643e+12 3.127216e+12 6.642639e+12 5.724684e+12
3.906421e+12 2.373682e+12 5.590741e+12 9.452065e+12
5.386627e+12 3.133076e+12 7.111101e+12 1.115354e+13
6.576564e+12 3.792622e+12 7.520313e+12 1.224641e+13
6.204331e+12 4.397443e+12 6.238833e+12 1.077846e+13
5.676215e+12 4.795907e+12 8.332909e+12 8.923680e+12
5.551814e+12 6.537683e+12 9.103977e+12 7.464315e+12
5.981734e+12 6.078056e+12 7.269825e+12 6.418809e+12
6.618238e+12 7.406045e+12 8.367205e+12 7.141805e+12
5.119314e+12 7.920699e+12 7.883415e+12 8.277029e+12
6.267096e+12 9.199186e+12 6.787443e+12 6.311177e+12
7.763754e+12 9.752682e+12 7.440266e+12 7.304514e+12
9.670757e+12 8.494156e+12 8.005847e+12 7.054164e+12
8.018422e+12 8.255950e+12 9.783846e+12 7.143404e+12
7.075552e+12 8.078136e+12 8.048902e+12 8.398749e+12
6.348337e+12 7.893750e+12 7.967304e+12 1.055893e+13
7.190482e+12 6.158050e+12 8.548532e+12 7.885401e+12
8.064532e+12 7.611551e+12 8.459331e+12 7.522865e+12
7.833404e+12 7.467996e+12 7.603466e+12 5.573383e+12
1.081375e+13 7.481588e+12 5.353167e+12 4.710404e+12
1.010469e+13 8.257922e+12 2.344794e+12 2.257081e+12
6.498453e+12 7.901194e+12 2.490884e+12 4.350495e+12
5.377283e+12 6.815287e+12 2.529555e+12 5.016731e+12
5.867413e+12 6.018956e+12 2.775637e+12 5.592420e+12
6.502645e+12 6.788805e+12 3.347150e+12 7.836738e+12
9.087226e+12 7.475992e+12 4.810838e+12 8.936982e+12
1.045861e+13 5.311201e+12 6.673920e+12 1.011851e+13
1.084598e+13 6.216222e+12 7.421033e+12 9.870329e+12
9.420565e+12 5.008263e+12 6.018366e+12 9.289863e+12
6.879269e+12 4.404975e+12 5.191651e+12 7.276614e+12
4.282325e+12 5.380343e+12 6.509709e+12 4.701350e+12
6.015525e+12 7.306343e+12 4.479197e+12 2.856276e+12
5.440447e+12 7.004472e+12 3.205001e+12 2.908950e+12
4.629322e+12 7.620273e+12 4.586355e+12 3.537777e+12
4.891123e+12 9.557626e+12 6.218798e+12 3.363929e+12
4.125040e+12 8.583205e+12 7.557410e+12 5.138878e+12
4.577944e+12 8.832725e+12 8.707772e+12 6.000584e+12
6.413415e+12 8.995042e+12 6.227173e+12 4.057105e+12
4.918139e+12 6.950019e+12 5.662949e+12 3.428590e+12
3.799822e+12 5.839486e+12 7.219819e+12 4.151200e+12
4.263985e+12 5.539564e+12 6.872801e+12 5.686597e+12
5.358893e+12 5.500460e+12 8.989239e+12 8.338358e+12
5.882054e+12 7.989081e+12 8.427373e+12 8.361644e+12
7.376008e+12 9.358963e+12 8.231945e+12 9.828758e+12
9.726566e+12 9.148983e+12 7.563348e+12 8.801097e+12
7.937562e+12 7.835888e+12 6.863965e+12 1.149028e+13
6.349840e+12 7.198508e+12 3.584217e+12 9.408071e+12
5.906778e+12 6.563176e+12 3.973876e+12 7.482766e+12
5.619795e+12 5.696146e+12 4.851287e+12 7.736291e+12
7.829254e+12 6.298744e+12 5.268868e+12 5.902373e+12
8.914409e+12 6.535037e+12 6.579870e+12 8.702551e+12
1.222521e+13 8.715162e+12 7.618755e+12 8.399900e+12
9.258524e+12 8.497123e+12 8.049386e+12 6.978051e+12
6.423825e+12 8.028534e+12 7.145314e+12 5.096034e+12
5.015016e+12 8.396113e+12 6.721795e+12 6.456726e+12
5.765869e+12 6.593338e+12 6.128440e+12 6.470195e+12
6.153253e+12 5.729628e+12 7.524570e+12 7.300102e+12
5.788367e+12 5.196345e+12 6.881337e+12 5.816113e+12
5.839454e+12 6.449588e+12 5.979250e+12 7.959372e+12
9.166115e+12 9.147714e+12 7.725903e+12 9.029778e+12
1.152546e+13 8.516870e+12 5.280020e+12 7.922525e+12
8.609369e+12 8.750482e+12 5.274718e+12 8.498259e+12
9.416757e+12 7.998348e+12 4.146968e+12 8.340854e+12
8.950661e+12 8.884647e+12 4.812292e+12 9.622010e+12
6.321382e+12 7.315358e+12 5.306348e+12 7.212372e+12
6.638996e+12 7.548272e+12 5.019296e+12 7.195009e+12
8.508522e+12 6.862253e+12 5.879829e+12 6.689705e+12
9.030000e+12 7.453501e+12 9.501866e+12 7.604276e+12
8.084343e+12 8.999044e+12 9.748414e+12 7.798315e+12
1.120149e+13 1.179619e+13 1.002809e+13 8.187811e+12
1.183917e+13 1.637176e+13 1.345669e+13 1.292075e+13
9.404528e+12 1.569006e+13 1.292814e+13 1.026181e+13
1.322548e+13 1.356513e+13 1.024165e+13 1.157562e+13
8.239692e+12 9.679895e+12 9.344750e+12 1.067323e+13
7.864469e+12 8.279643e+12 9.767270e+12 9.517368e+12
3.324022e+12 6.881917e+12 8.696823e+12 8.437226e+12
2.460741e+12 6.895410e+12 7.289721e+12 5.952895e+12
4.351837e+12 7.573100e+12 9.019739e+12 8.364330e+12
5.782994e+12 8.277002e+12 1.127282e+13 1.112087e+13
8.675521e+12 8.724112e+12 1.135465e+13 1.406413e+13
1.254605e+13 9.284556e+12 8.976810e+12 1.346234e+13
1.240413e+13 8.515631e+12 1.030825e+13 1.077527e+13
9.548930e+12 8.105552e+12 1.221043e+13 8.364872e+12
8.039052e+12 7.714687e+12 1.216201e+13 5.768162e+12
7.471420e+12 7.594072e+12 1.105329e+13 6.736698e+12
5.748961e+12 7.149703e+12 9.429129e+12 7.560017e+12
1.131315e+13 8.066949e+12 7.817604e+12 9.509511e+12
1.289180e+13 1.034936e+13 9.283977e+12 1.014355e+13
1.043160e+13 1.226162e+13 1.270491e+13 1.328670e+13
8.480405e+12 1.177190e+13 1.274988e+13 1.135981e+13
9.372235e+12 1.033662e+13 1.003748e+13 1.423417e+13
1.056583e+13 1.434980e+13 1.079386e+13 1.917403e+13
1.052566e+13 1.414541e+13 1.302705e+13 1.996751e+13
5.349529e+12 1.070159e+13 9.380443e+12 1.385923e+13
5.633533e+12 1.114508e+13 9.968176e+12 1.221197e+13
5.939390e+12 1.046465e+13 9.809478e+12 1.390755e+13
8.778845e+12 1.004555e+13 9.593178e+12 1.420579e+13
8.413691e+12 8.635196e+12 1.099728e+13 1.362461e+13
8.368131e+12 6.780785e+12 7.107923e+12 1.098714e+13
7.592305e+12 6.394364e+12 6.405492e+12 1.211267e+13
6.049793e+12 6.403061e+12 4.924529e+12 7.257129e+12
3.249734e+12 5.507145e+12 6.452743e+12 9.601770e+12
3.272359e+12 5.571005e+12 8.093525e+12 1.229830e+13
4.278045e+11 3.517209e+12 7.813377e+12 1.201624e+13
2.072051e+12 3.950220e+12 6.987848e+12 1.186063e+13
2.250843e+12 5.116507e+12 9.608177e+12 6.511495e+12
4.020927e+12 5.805448e+12 9.792596e+12 8.777304e+12
6.004612e+12 8.263117e+12 1.195191e+13 1.194143e+13
5.654558e+12 1.000136e+13 1.482811e+13 1.170877e+13
9.353560e+12 9.646166e+12 1.264289e+13 1.334457e+13
1.493704e+13 9.493036e+12 1.200388e+13 1.028476e+13
1.149989e+13 8.411639e+12 1.282804e+13 1.294067e+13
8.495333e+12 9.915581e+12 1.140136e+13 1.190880e+13
7.213662e+12 1.237297e+13 1.014740e+13 9.526544e+12
6.925315e+12 1.514439e+13 8.741962e+12 8.706377e+12
6.064946e+12 1.351226e+13 8.404763e+12 6.565671e+12
7.392058e+12 1.199194e+13 9.249094e+12 1.054865e+13
9.630410e+12 1.063814e+13 1.155941e+13 1.294972e+13
7.965782e+12 1.027245e+13 1.391631e+13 1.032033e+13
1.557997e+13 1.494019e+13 1.543523e+13 1.129843e+13
1.415689e+13 8.783559e+12 1.263107e+13 1.244832e+13
1.047653e+13 9.247817e+12 1.365669e+13 1.133169e+13
5.053701e+12 9.902238e+12 1.312773e+13 1.128982e+13
3.136061e+12 1.223932e+13 1.272715e+13 1.213044e+13
5.199068e+12 1.233446e+13 1.314313e+13 1.579002e+13
1.151024e+13 1.152487e+13 1.810923e+13 1.947949e+13
1.258361e+13 1.299992e+13 1.778497e+13 2.001943e+13
9.450255e+12 1.620067e+13 1.502091e+13 1.397858e+13
6.936067e+12 1.354041e+13 1.529435e+13 6.234036e+12
6.986035e+12 1.076504e+13 1.174773e+13 7.712279e+12
9.415722e+12 1.475402e+13 1.243050e+13 1.506614e+13
1.512599e+13 1.466529e+13 1.073181e+13 1.653520e+13
1.705327e+13 1.497664e+13 1.420467e+13 1.488773e+13
1.945655e+13 1.787428e+13 2.355691e+13 1.492165e+13
2.221218e+13 2.110607e+13 1.723422e+13 1.107159e+13
2.173004e+13 1.698709e+13 1.769097e+13 1.222292e+13
1.396394e+13 1.583720e+13 2.194757e+13 1.286506e+13
1.293723e+13 1.723547e+13 2.106441e+13 1.316798e+13
1.699375e+13 2.324598e+13 2.051297e+13 1.985515e+13
2.098182e+13 2.174602e+13 1.858136e+13 1.741206e+13
1.635619e+13 2.387416e+13 1.776395e+13 1.265482e+13
1.159632e+13 1.887730e+13 1.344378e+13 1.422454e+13
1.104888e+13 1.800251e+13 1.571386e+13 1.166674e+13
1.017154e+13 1.691580e+13 1.505621e+13 9.013520e+12
1.867787e+13 1.837824e+13 2.124329e+13 1.811143e+13
1.599446e+13 1.734859e+13 2.338008e+13 1.979945e+13
1.801419e+13 2.271124e+13 2.224943e+13 1.551266e+13
1.836233e+13 1.854823e+13 2.012995e+13 2.029465e+13
2.565302e+13 2.857391e+13 2.256613e+13 1.454755e+13
1.875496e+13 2.201033e+13 2.612491e+13 1.577768e+13
1.974190e+13 1.602173e+13 2.193614e+13 1.412426e+13
2.693125e+13 2.029951e+13 1.475278e+13 2.026312e+13
1.976058e+13 2.345888e+13 2.374649e+13 2.469671e+13
1.578304e+13 1.658490e+13 2.601200e+13 3.423845e+13
2.162570e+13 1.435052e+13 1.975772e+13 2.375515e+13
4.354431e+13 2.733675e+13 1.698384e+13 1.429170e+13
2.169905e+13 2.600413e+13 2.095543e+13 1.992409e+13
2.084157e+13 2.583288e+13 2.831912e+13 1.870257e+13
1.383799e+13 3.290004e+13 2.607239e+13 2.588595e+13
2.988647e+13 4.418961e+13 2.742724e+13 2.618358e+13
2.794270e+13 3.603476e+13 2.848771e+13 3.438737e+13
2.143544e+13 2.736573e+13 2.211923e+13 2.442737e+13
2.146109e+13 2.480071e+13 1.635630e+13 1.824681e+13
2.043385e+13 1.679057e+13 1.517580e+13 7.543982e+12
3.407113e+13 2.549970e+13 2.584661e+13 2.169491e+13
1.238820e+13 2.261935e+13 2.524499e+13 1.776885e+13
2.086465e+13 2.492263e+13 2.732263e+13 3.694692e+13
2.108912e+13 3.183821e+13 3.836853e+13 4.545861e+13
1.929579e+13 3.335106e+13 3.000585e+13 3.479800e+13
1.838209e+13 2.253411e+13 2.074967e+13 2.395404e+13
2.517720e+13 2.848162e+13 2.643951e+13 2.352287e+13
3.483871e+13 3.018060e+13 2.892542e+13 2.626708e+13
3.154829e+13 2.843436e+13 3.169429e+13 3.185279e+13
3.481427e+13 2.789842e+13 2.367909e+13 2.561609e+13
3.213737e+13 2.605303e+13 2.052779e+13 3.070290e+13
1.928267e+13 2.250935e+13 2.160296e+13 1.793981e+13
1.621301e+13 2.596824e+13 2.088540e+13 1.286906e+13
1.958635e+13 2.313243e+13 2.513704e+13 1.535654e+13
3.709152e+13 2.649371e+13 2.292275e+13 2.803282e+13
3.725091e+13 3.145874e+13 2.293131e+13 2.556712e+13
2.632980e+13 2.407100e+13 2.586054e+13 2.188002e+13
2.840292e+13 1.862675e+13 1.800396e+13 1.077963e+13
2.925089e+13 2.157753e+13 1.659291e+13 1.089726e+13
2.231107e+13 2.194320e+13 1.578574e+13 1.267986e+13
1.865201e+13 2.758042e+13 2.446578e+13 2.714682e+13
2.938417e+13 2.519899e+13 2.114842e+13 2.312052e+13
3.566400e+13 2.345680e+13 1.710216e+13 1.773841e+13
2.347270e+13 1.828541e+13 1.938844e+13 1.883445e+13
1.307825e+13 1.513590e+13 2.507431e+13 2.078852e+13
8.551007e+12 1.497465e+13 2.124214e+13 1.991102e+13
1.837180e+13 1.761384e+13 1.965332e+13 2.007585e+13
2.491017e+13 1.884949e+13 2.543232e+13 2.143876e+13
2.071029e+13 2.125484e+13 2.187285e+13 1.663819e+13
1.612532e+13 2.187500e+13 1.768761e+13 1.549945e+13
1.344364e+13 2.375299e+13 1.483462e+13 1.731884e+13
7.967873e+12 1.527976e+13 1.509178e+13 1.286703e+13
6.116764e+12 1.445557e+13 1.602327e+13 1.190918e+13
6.914476e+12 1.143733e+13 1.531532e+13 9.877285e+12
9.229176e+12 1.791685e+13 1.705102e+13 1.203012e+13
1.501790e+13 1.755717e+13 2.311449e+13 1.645931e+13
1.680716e+13 2.174202e+13 2.369684e+13 1.256499e+13
1.578927e+13 1.585959e+13 1.624861e+13 1.432664e+13
7.190979e+12 1.252220e+13 1.616831e+13 1.711242e+13
3.882804e+12 1.190975e+13 1.582470e+13 1.598969e+13
7.021298e+12 9.790996e+12 1.587375e+13 1.363728e+13
1.048936e+13 8.032521e+12 1.459365e+13 1.198126e+13
8.792532e+12 9.766579e+12 1.347066e+13 7.103694e+12
8.276874e+12 1.122380e+13 1.059411e+13 7.073569e+12
7.935513e+12 8.998116e+12 1.096631e+13 1.273390e+13
1.232698e+13 4.328329e+12 6.160246e+12 2.048517e+13
1.888500e+13 6.744823e+12 1.113027e+13 1.936741e+13
1.867719e+13 8.242886e+12 1.028102e+13 1.150777e+13
1.703178e+13 1.052614e+13 1.034545e+13 1.433749e+13
1.430686e+13 8.556667e+12 9.706616e+12 1.333864e+13
8.475635e+12 6.140214e+12 1.037047e+13 1.272161e+13
7.819210e+12 8.313467e+12 1.033394e+13 1.182616e+13
1.251214e+13 1.161656e+13 1.509879e+13 1.491477e+13
1.331778e+13 1.239639e+13 1.459106e+13 1.807126e+13
1.562671e+13 1.454773e+13 1.472785e+13 1.602839e+13
1.358792e+13 1.223826e+13 1.292427e+13 1.474198e+13
1.231090e+13 9.770743e+12 1.243875e+13 1.359279e+13
1.293849e+13 1.064566e+13 8.427600e+12 1.391937e+13
1.114576e+13 1.528175e+13 9.393832e+12 1.113829e+13
9.361530e+12 1.283069e+13 7.638762e+12 9.120558e+12
1.217924e+13 1.118590e+13 1.094909e+13 7.538579e+12
1.274633e+13 9.606308e+12 8.628893e+12 9.843678e+12
1.133025e+13 7.284184e+12 6.742314e+12 7.661986e+12
8.818527e+12 7.671829e+12 6.267903e+12 6.068618e+12
5.481677e+12 8.481772e+12 9.581515e+12 8.555760e+12
5.269025e+12 1.096588e+13 1.162849e+13 5.335398e+12
6.149270e+12 1.009955e+13 1.223949e+13 6.598890e+12
1.135695e+13 8.869566e+12 1.318758e+13 6.051454e+12
1.069367e+13 8.361913e+12 9.623231e+12 6.704862e+12
1.368841e+13 8.851078e+12 6.110882e+12 5.764014e+12
1.106675e+13 9.153670e+12 7.211300e+12 6.361562e+12
8.980815e+12 1.089344e+13 9.698910e+12 8.054401e+12
6.021449e+12 1.165408e+13 1.100775e+13 7.147211e+12
7.427691e+12 9.847828e+12 1.264372e+13 1.269054e+13
7.760978e+12 1.065080e+13 1.225943e+13 1.491980e+13
6.449438e+12 9.176005e+12 1.242673e+13 1.614740e+13
7.219321e+12 1.003140e+13 1.353764e+13 1.462941e+13
7.581922e+12 8.047404e+12 1.107725e+13 1.699157e+13
8.873831e+12 6.680866e+12 9.182031e+12 1.583231e+13
1.046200e+13 6.136395e+12 8.646136e+12 1.110416e+13
8.573530e+12 5.675937e+12 1.164404e+13 1.309645e+13
6.849293e+12 8.635366e+12 1.279739e+13 1.320088e+13
6.275495e+12 1.129314e+13 1.416885e+13 1.502466e+13
7.602641e+12 1.325800e+13 1.407539e+13 1.703393e+13
5.028533e+12 1.018377e+13 1.567693e+13 1.581259e+13
6.610354e+12 7.409339e+12 1.120666e+13 1.130450e+13
7.541634e+12 8.260578e+12 9.324802e+12 7.382838e+12
9.802627e+12 9.626403e+12 8.821946e+12 8.264791e+12
8.367788e+12 8.361282e+12 9.288995e+12 1.079966e+13
8.313358e+12 7.502646e+12 8.144217e+12 1.240241e+13
9.135328e+12 1.059121e+13 9.700744e+12 1.337058e+13
9.446060e+12 1.276669e+13 8.450085e+12 1.227285e+13
9.609829e+12 1.257253e+13 1.045093e+13 1.250085e+13
1.103241e+13 1.327460e+13 1.186483e+13 1.311498e+13
8.210026e+12 1.023966e+13 8.916804e+12 1.194140e+13
9.231574e+12 8.639491e+12 6.410394e+12 7.643166e+12
8.529889e+12 8.880678e+12 7.817018e+12 6.320408e+12
7.559255e+12 7.030797e+12 8.448405e+12 5.728942e+12
9.639956e+12 6.912969e+12 8.379735e+12 6.360673e+12
8.474106e+12 7.448888e+12 9.903790e+12 8.869467e+12
8.916414e+12 7.993508e+12 1.022225e+13 1.044874e+13
1.161253e+13 8.934162e+12 8.983694e+12 7.571773e+12
1.202183e+13 9.894625e+12 9.914208e+12 7.861154e+12
1.073032e+13 1.063529e+13 9.654935e+12 8.562528e+12
1.014404e+13 8.330652e+12 8.158351e+12 6.469208e+12
1.055535e+13 7.261676e+12 6.399355e+12 5.389379e+12
8.277400e+12 6.819230e+12 8.521670e+12 6.640387e+12
7.711011e+12 6.776151e+12 9.203244e+12 7.307118e+12
6.036204e+12 5.983195e+12 8.700848e+12 5.520108e+12
3.592069e+12 6.326956e+12 8.652668e+12 4.950627e+12
4.399633e+12 6.814152e+12 8.031720e+12 4.752723e+12
4.617933e+12 7.043849e+12 7.234096e+12 4.589248e+12
5.182727e+12 5.742710e+12 6.769140e+12 5.868833e+12
4.661900e+12 6.168036e+12 8.662935e+12 6.924677e+12
5.377200e+12 7.271513e+12 8.308764e+12 7.287162e+12
5.485568e+12 6.247961e+12 6.266303e+12 6.546720e+12
5.813510e+12 7.105722e+12 5.016727e+12 3.657748e+12
7.340087e+12 7.917838e+12 4.290085e+12 3.965466e+12
5.801876e+12 6.401862e+12 5.837750e+12 6.571695e+12
8.263123e+12 7.125458e+12 7.278080e+12 6.683779e+12
7.066958e+12 7.253729e+12 8.305119e+12 8.701841e+12
8.164094e+12 7.285527e+12 9.447300e+12 1.150335e+13
1.185932e+13 7.242455e+12 8.952959e+12 1.217783e+13
1.437305e+13 9.251302e+12 1.160210e+13 9.559526e+12
1.352822e+13 1.069432e+13 1.084120e+13 8.104633e+12
7.919742e+12 8.239495e+12 7.946565e+12 6.063316e+12
6.056976e+12 6.746351e+12 8.331426e+12 8.767546e+12
7.394681e+12 7.660618e+12 8.660261e+12 1.197693e+13
8.200412e+12 7.515845e+12 6.823691e+12 1.075371e+13
6.690408e+12 9.409154e+12 7.407595e+12 6.737119e+12
6.941213e+12 7.382446e+12 5.873711e+12 3.805154e+12
7.176427e+12 6.354061e+12 4.869945e+12 3.950848e+12
1.094691e+13 7.630226e+12 6.690656e+12 3.479031e+12
8.481734e+12 7.136183e+12 5.487039e+12 2.878306e+12
1.016579e+13 9.328612e+12 7.118718e+12 5.727291e+12
9.479273e+12 1.043390e+13 6.587155e+12 8.026231e+12
6.580012e+12 9.189458e+12 5.394211e+12 8.068274e+12
6.544760e+12 8.376897e+12 5.586747e+12 9.873460e+12
5.433019e+12 9.300297e+12 7.042975e+12 1.077240e+13
6.291063e+12 6.864972e+12 5.140421e+12 1.168418e+13
9.075539e+12 5.060823e+12 4.306613e+12 6.937227e+12
1.023959e+13 3.603440e+12 3.003396e+12 4.849187e+12
8.598630e+12 5.528356e+12 5.804868e+12 7.283844e+12
6.244120e+12 5.619409e+12 7.372065e+12 7.389720e+12
6.867140e+12 5.572115e+12 6.908032e+12 5.052693e+12
6.886550e+12 6.329363e+12 5.940025e+12 6.281813e+12
6.801526e+12 6.577578e+12 5.104067e+12 5.420280e+12
9.065671e+12 7.559920e+12 6.560630e+12 7.124400e+12
8.296428e+12 7.147034e+12 7.358840e+12 8.167540e+12
6.796090e+12 6.913027e+12 8.429533e+12 7.464133e+12
5.853467e+12 7.507128e+12 6.925442e+12 9.496218e+12
5.986366e+12 8.747363e+12 1.048485e+13 1.115359e+13
5.539617e+12 8.833220e+12 1.063773e+13 7.836604e+12
6.077125e+12 7.655023e+12 1.206672e+13 7.133021e+12
5.613573e+12 7.010827e+12 9.350874e+12 6.926737e+12
3.408930e+12 4.930627e+12 8.016462e+12 6.271374e+12
3.105407e+12 3.650530e+12 6.989650e+12 6.918732e+12
2.020300e+12 3.912211e+12 7.212074e+12 7.118139e+12
2.288261e+12 4.226299e+12 7.803478e+12 8.650982e+12
1.792756e+12 4.776952e+12 7.784068e+12 8.336929e+12
3.126735e+12 4.155473e+12 7.548598e+12 8.663004e+12
5.478766e+12 3.766268e+12 8.245375e+12 9.351598e+12
5.341751e+12 3.330759e+12 7.171815e+12 9.864735e+12
4.749166e+12 3.949700e+12 5.365767e+12 1.117245e+13
5.664893e+12 5.450571e+12 4.638790e+12 9.568929e+12
5.061806e+12 4.082243e+12 4.668251e+12 8.885620e+12
2.522081e+12 4.315453e+12 5.240638e+12 7.229235e+12
5.563425e+12 5.877634e+12 6.256300e+12 7.040080e+12
4.600127e+12 7.148417e+12 5.238255e+12 5.781342e+12
5.631620e+12 7.694009e+12 5.585757e+12 5.728600e+12
7.091179e+12 7.246781e+12 4.744711e+12 6.093364e+12
7.766297e+12 6.824790e+12 5.857364e+12 6.050696e+12
6.731339e+12 6.245971e+12 4.773669e+12 6.084756e+12
7.536483e+12 6.863743e+12 3.282694e+12 6.531393e+12
7.706528e+12 5.951994e+12 3.655958e+12 7.497221e+12
9.833431e+12 6.448792e+12 4.991826e+12 6.635496e+12
1.194278e+13 6.463688e+12 5.604203e+12 8.542834e+12
1.022752e+13 7.221001e+12 3.707079e+12 4.716530e+12
1.050537e+13 6.774120e+12 4.544199e+12 3.626722e+12
1.020964e+13 6.458945e+12 6.078335e+12 5.890993e+12
6.883647e+12 7.080092e+12 6.215374e+12 7.010187e+12
8.000159e+12 8.352094e+12 6.073708e+12 4.298630e+12
8.782890e+12 9.704057e+12 7.413780e+12 3.668264e+12
8.303035e+12 8.142921e+12 7.303922e+12 3.104356e+12
1.180502e+13 8.536373e+12 5.524282e+12 4.109792e+12
1.171704e+13 6.917687e+12 5.605283e+12 3.604809e+12
1.088329e+13 8.381262e+12 6.849599e+12 2.895342e+12
1.313497e+13 1.090110e+13 5.494064e+12 3.203414e+12
9.723413e+12 1.097543e+13 5.342817e+12 3.253535e+12
9.701710e+12 9.624507e+12 4.058896e+12 3.529436e+12
6.700089e+12 8.544068e+12 4.037618e+12 3.957857e+12
7.527437e+12 6.265496e+12 3.494666e+12 4.309182e+12
6.653122e+12 4.958916e+12 4.620224e+12 5.430512e+12
6.429804e+12 5.378674e+12 4.533989e+12 3.603846e+12
7.501695e+12 7.131491e+12 4.412341e+12 3.172743e+12
7.399572e+12 6.307424e+12 3.387767e+12 3.317439e+12
7.668578e+12 5.380577e+12 3.395923e+12 5.004973e+12
8.455746e+12 5.413649e+12 4.077354e+12 4.772155e+12
8.172940e+12 4.950783e+12 3.851195e+12 4.708209e+12
7.550647e+12 4.017519e+12 3.510649e+12 4.110918e+12
6.055091e+12 3.323616e+12 4.864568e+12 3.160622e+12
7.895192e+12 4.597633e+12 4.826470e+12 3.736059e+12
4.971642e+12 5.234346e+12 6.101350e+12 3.931913e+12
5.121696e+12 4.509317e+12 6.145335e+12 4.506375e+12
4.959883e+12 5.740296e+12 5.378736e+12 4.436527e+12
6.483756e+12 5.421643e+12 5.506164e+12 6.307509e+12
7.852297e+12 5.937487e+12 5.230832e+12 5.797409e+12
6.936929e+12 6.048420e+12 4.880709e+12 4.188792e+12
8.479787e+12 6.244106e+12 3.926497e+12 5.109345e+12
8.127499e+12 5.467026e+12 3.865293e+12 7.244139e+12
6.420706e+12 6.662932e+12 4.036186e+12 6.615597e+12
4.264881e+12 6.113992e+12 3.793791e+12 6.203605e+12
3.913515e+12 5.076583e+12 4.170677e+12 5.923794e+12
2.530646e+12 4.531094e+12 5.798663e+12 6.417604e+12
3.002462e+12 5.548527e+12 5.646294e+12 6.915034e+12
4.888705e+12 8.046646e+12 5.940285e+12 4.890215e+12
5.318324e+12 8.483753e+12 7.554538e+12 5.027122e+12
4.959135e+12 7.093589e+12 7.838801e+12 4.411749e+12
6.935075e+12 7.447747e+12 5.942117e+12 6.084713e+12
6.808260e+12 7.325402e+12 5.157133e+12 5.681149e+12
5.087399e+12 8.576444e+12 4.345646e+12 4.702229e+12
3.928947e+12 6.881621e+12 5.258463e+12 4.348165e+12
3.823094e+12 5.197900e+12 5.008778e+12 2.624603e+12
5.164016e+12 4.040988e+12 4.609532e+12 2.409891e+12
6.998400e+12 6.042029e+12 5.895780e+12 3.184978e+12
7.024163e+12 5.682738e+12 6.136109e+12 6.081165e+12
9.441672e+12 4.786781e+12 5.750340e+12 8.173022e+12
8.699201e+12 4.610321e+12 6.592688e+12 7.521258e+12
9.233605e+12 4.876469e+12 6.624846e+12 8.435317e+12
9.202042e+12 6.100236e+12 8.580132e+12 9.581829e+12
9.219810e+12 6.241361e+12 7.975729e+12 7.603513e+12
7.446243e+12 5.342746e+12 6.518599e+12 5.284736e+12
6.142967e+12 5.707584e+12 7.160370e+12 5.983672e+12
5.624108e+12 5.815916e+12 7.587817e+12 6.465373e+12
3.161519e+12 4.979889e+12 6.537904e+12 7.171924e+12
2.157389e+12 4.471968e+12 6.306290e+12 6.227011e+12
2.954248e+12 3.867819e+12 7.504338e+12 5.468618e+12
3.224289e+12 3.985284e+12 5.764237e+12 5.805354e+12
2.411024e+12 3.881453e+12 4.958939e+12 4.536027e+12
2.119168e+12 4.061418e+12 5.125538e+12 2.832604e+12
2.385460e+12 4.706102e+12 6.106525e+12 3.638312e+12
3.534998e+12 4.452708e+12 6.658592e+12 4.558459e+12
4.266183e+12 4.627969e+12 6.436245e+12 4.270517e+12
4.359836e+12 4.505610e+12 5.907026e+12 2.408145e+12
5.228219e+12 4.415525e+12 5.736060e+12 2.076454e+12
5.352404e+12 4.760621e+12 6.060405e+12 4.230878e+12
4.538338e+12 4.795709e+12 6.137487e+12 4.705085e+12
3.962895e+12 5.344835e+12 8.403679e+12 4.994196e+12
3.552429e+12 4.480903e+12 7.525314e+12 5.346804e+12
2.931215e+12 5.045663e+12 6.882283e+12 6.919310e+12
1.865985e+12 3.611810e+12 6.776048e+12 7.731670e+12
2.429542e+12 4.589713e+12 8.616005e+12 6.995876e+12
2.673280e+12 4.734939e+12 8.507040e+12 6.214027e+12
3.125843e+12 3.543027e+12 5.925122e+12 5.679830e+12
4.471895e+12 4.614854e+12 7.295407e+12 6.570476e+12
5.177621e+12 5.325471e+12 8.762629e+12 9.037457e+12
4.557970e+12 5.525099e+12 6.977626e+12 7.988524e+12
3.966441e+12 5.769846e+12 8.112144e+12 7.406630e+12
3.875655e+12 5.794086e+12 7.236786e+12 5.825201e+12
