7.854914e+12 8.927046e+12 7.546486e+12 7.913633e+12
8.737199e+12 1.021369e+13 7.548266e+12 6.634563e+12
9.494647e+12 9.279333e+12 9.027951e+12 6.200516e+12
1.027627e+13 1.076856e+13 8.737799e+12 6.568535e+12
8.719790e+12 1.052262e+13 8.488385e+12 7.394148e+12
8.030226e+12 9.991224e+12 1.089814e+13 9.236034e+12
1.027321e+13 1.073275e+13 1.109634e+13 7.563023e+12
1.372776e+13 1.085149e+13 1.064982e+13 6.138003e+12
1.391370e+13 1.062925e+13 1.025929e+13 5.114947e+12
1.314777e+13 1.133799e+13 9.843190e+12 4.857758e+12
1.129568e+13 1.217569e+13 9.646445e+12 4.876109e+12
1.178509e+13 1.197685e+13 9.205171e+12 4.077627e+12
1.139520e+13 1.167381e+13 9.847739e+12 5.541939e+12
1.033220e+13 1.110919e+13 9.700776e+12 7.563260e+12
1.087499e+13 1.029424e+13 9.653122e+12 6.975528e+12
1.106731e+13 1.005771e+13 1.034620e+13 7.381991e+12
1.202636e+13 1.086332e+13 9.062297e+12 6.650601e+12
1.080816e+13 1.009521e+13 9.017429e+12 5.909792e+12
9.554907e+12 9.064195e+12 9.841314e+12 6.806064e+12
9.120783e+12 1.002814e+13 1.043652e+13 7.718158e+12
9.313324e+12 9.728947e+12 1.020775e+13 7.839460e+12
8.460829e+12 9.302373e+12 1.030390e+13 9.968367e+12
1.063056e+13 8.794854e+12 8.973403e+12 8.905747e+12
1.228279e+13 7.310128e+12 9.776615e+12 9.701184e+12
1.308394e+13 6.834885e+12 9.644627e+12 1.085975e+13
1.419111e+13 8.468195e+12 9.062185e+12 1.076327e+13
1.274865e+13 7.497140e+12 8.143775e+12 1.117409e+13
1.131888e+13 7.065137e+12 8.555690e+12 1.191026e+13
1.118208e+13 7.432863e+12 7.688994e+12 1.188680e+13
1.058815e+13 7.501156e+12 9.007681e+12 1.213351e+13
1.019077e+13 6.980584e+12 1.006929e+13 1.168672e+13
8.728917e+12 7.749785e+12 9.876633e+12 1.090341e+13
8.192770e+12 7.088188e+12 9.165178e+12 1.274176e+13
8.717255e+12 6.362131e+12 8.280866e+12 1.390145e+13
7.565960e+12 5.647378e+12 6.860593e+12 1.173452e+13
6.882035e+12 6.397128e+12 7.360850e+12 1.198053e+13
5.505911e+12 6.356156e+12 7.692975e+12 1.042224e+13
8.238457e+12 6.237101e+12 7.484395e+12 1.244129e+13
7.408573e+12 6.077201e+12 7.624084e+12 9.993173e+12
7.254374e+12 6.873077e+12 7.832804e+12 9.072405e+12
7.742215e+12 7.014461e+12 6.953897e+12 1.037749e+13
9.733375e+12 8.443854e+12 6.791196e+12 1.225498e+13
1.257952e+13 9.028317e+12 6.613413e+12 1.281172e+13
1.227715e+13 8.819229e+12 6.272268e+12 1.440885e+13
1.229283e+13 9.434696e+12 7.115418e+12 1.260854e+13
1.087960e+13 1.000226e+13 8.153809e+12 1.177309e+13
9.746296e+12 9.526570e+12 7.882590e+12 1.117168e+13
9.912099e+12 1.023241e+13 8.540997e+12 1.053215e+13
9.655659e+12 1.141620e+13 9.999203e+12 1.210781e+13
9.873930e+12 1.209944e+13 1.033808e+13 1.312492e+13
1.033520e+13 1.010169e+13 9.554974e+12 1.441167e+13
1.182769e+13 1.114830e+13 8.699381e+12 1.280328e+13
1.325031e+13 1.023930e+13 8.038441e+12 1.044628e+13
1.312646e+13 9.656848e+12 8.373675e+12 1.083557e+13
1.035696e+13 9.107293e+12 8.992306e+12 1.302373e+13
1.046517e+13 9.547751e+12 9.422945e+12 1.321089e+13
1.220973e+13 9.832396e+12 1.007855e+13 1.234782e+13
1.028549e+13 9.129250e+12 9.675528e+12 1.338308e+13
1.130222e+13 7.851259e+12 9.618949e+12 1.229309e+13
1.028232e+13 7.649952e+12 8.853997e+12 1.178697e+13
1.028190e+13 7.433556e+12 8.014342e+12 1.335933e+13
9.954234e+12 6.812901e+12 7.219296e+12 1.226621e+13
8.806427e+12 8.169343e+12 7.421477e+12 1.290241e+13
7.886198e+12 9.215449e+12 7.517830e+12 1.136217e+13
8.854870e+12 9.072016e+12 7.589737e+12 8.635921e+12
1.111050e+13 9.587134e+12 7.669953e+12 8.594342e+12
1.077524e+13 9.274818e+12 7.301689e+12 8.335539e+12
7.888979e+12 8.864951e+12 7.076364e+12 9.417960e+12
8.352074e+12 8.664815e+12 7.677769e+12 8.222258e+12
1.001999e+13 8.783664e+12 8.515117e+12 1.035966e+13
1.008204e+13 8.017701e+12 9.299005e+12 1.112329e+13
8.921889e+12 8.160641e+12 1.046125e+13 1.101840e+13
9.410692e+12 9.023403e+12 9.760598e+12 1.178981e+13
1.143282e+13 9.711558e+12 9.239117e+12 1.180779e+13
1.011713e+13 9.352259e+12 9.725580e+12 9.029952e+12
9.774735e+12 8.037995e+12 8.609050e+12 9.728098e+12
8.931182e+12 8.377181e+12 1.030543e+13 1.459198e+13
1.015600e+13 7.850987e+12 9.433652e+12 1.260663e+13
1.092395e+13 9.140981e+12 8.345779e+12 8.863328e+12
1.253755e+13 8.930910e+12 9.250828e+12 8.481562e+12
1.368881e+13 1.035366e+13 9.343923e+12 9.964701e+12
1.369659e+13 1.114352e+13 8.996553e+12 8.912552e+12
1.192034e+13 1.078582e+13 1.020792e+13 9.297901e+12
1.037391e+13 1.032188e+13 1.068148e+13 1.047960e+13
1.162527e+13 1.142285e+13 1.053527e+13 1.082613e+13
1.151764e+13 1.176477e+13 9.973097e+12 1.017726e+13
1.310539e+13 1.243537e+13 9.909596e+12 7.909324e+12
1.395673e+13 1.156093e+13 9.059339e+12 8.759787e+12
1.266056e+13 1.018230e+13 8.637768e+12 8.367405e+12
1.213595e+13 1.112233e+13 9.453073e+12 8.621231e+12
9.436170e+12 1.190488e+13 8.904200e+12 8.427566e+12
1.032548e+13 1.139713e+13 8.822069e+12 9.657104e+12
1.118899e+13 1.186736e+13 9.542576e+12 9.565358e+12
1.011760e+13 1.204571e+13 9.791041e+12 9.554742e+12
1.036669e+13 1.257811e+13 9.129706e+12 8.013169e+12
9.741472e+12 1.408437e+13 9.043849e+12 7.183094e+12
1.045899e+13 1.537053e+13 1.044423e+13 6.660256e+12
1.171784e+13 1.562070e+13 1.226970e+13 5.435291e+12
1.044834e+13 1.495678e+13 1.411211e+13 7.721209e+12
9.737281e+12 1.334414e+13 1.294228e+13 9.080451e+12
1.036542e+13 1.266538e+13 1.193861e+13 1.004990e+13
9.115693e+12 1.371483e+13 1.185759e+13 1.202353e+13
8.775361e+12 1.426577e+13 1.075313e+13 1.377609e+13
8.667808e+12 1.176204e+13 9.675481e+12 1.359718e+13
8.460993e+12 1.203752e+13 1.019798e+13 1.421665e+13
1.116027e+13 1.015135e+13 9.773180e+12 1.169760e+13
1.112157e+13 1.034303e+13 9.699838e+12 1.243886e+13
1.129687e+13 1.229567e+13 1.047648e+13 1.423321e+13
1.115978e+13 1.444638e+13 1.085653e+13 1.187192e+13
1.200399e+13 1.285391e+13 1.049905e+13 1.004105e+13
1.521767e+13 1.258143e+13 1.116704e+13 1.187957e+13
1.529477e+13 1.303446e+13 1.134604e+13 1.241800e+13
1.584692e+13 1.495319e+13 1.233952e+13 9.510849e+12
1.594833e+13 1.239108e+13 1.057201e+13 1.094384e+13
1.494486e+13 9.750409e+12 9.345227e+12 1.197024e+13
1.487213e+13 1.124873e+13 1.021650e+13 1.337878e+13
1.262949e+13 1.138073e+13 1.011731e+13 1.349472e+13
1.196836e+13 1.048957e+13 8.463386e+12 1.243948e+13
1.133810e+13 1.038470e+13 9.152321e+12 9.317656e+12
1.031542e+13 1.005593e+13 1.156744e+13 1.065654e+13
1.103361e+13 1.046210e+13 1.162358e+13 1.174659e+13
1.151059e+13 1.093915e+13 1.016841e+13 1.107540e+13
1.254591e+13 1.110289e+13 1.175114e+13 1.229860e+13
1.365896e+13 1.068373e+13 1.182230e+13 1.307963e+13
1.313997e+13 9.699835e+12 1.068525e+13 1.211113e+13
1.410523e+13 1.011452e+13 9.742044e+12 1.381189e+13
1.576544e+13 1.003104e+13 9.011303e+12 1.460761e+13
1.279332e+13 1.084516e+13 7.953268e+12 1.375437e+13
1.303327e+13 1.093845e+13 7.669842e+12 1.245921e+13
1.225311e+13 9.112802e+12 7.047538e+12 1.216489e+13
1.147870e+13 8.611564e+12 7.152695e+12 1.018523e+13
1.093436e+13 1.001137e+13 9.064913e+12 9.605274e+12
9.738086e+12 1.049209e+13 9.419511e+12 1.035069e+13
8.562377e+12 1.127947e+13 9.720299e+12 1.003718e+13
8.512072e+12 1.036901e+13 1.156690e+13 1.132983e+13
7.994214e+12 1.033408e+13 1.121465e+13 9.507725e+12
9.707237e+12 1.186451e+13 1.224955e+13 9.513030e+12
1.101596e+13 1.172818e+13 1.356825e+13 9.029479e+12
1.092444e+13 1.207925e+13 1.285321e+13 1.007604e+13
1.102844e+13 1.083794e+13 1.184530e+13 1.045995e+13
1.198078e+13 1.063341e+13 1.288194e+13 1.064134e+13
1.351088e+13 1.153415e+13 1.488485e+13 1.169767e+13
1.357735e+13 1.315635e+13 1.312100e+13 1.227742e+13
1.232263e+13 1.486721e+13 1.246900e+13 1.180864e+13
1.003363e+13 1.366610e+13 1.213382e+13 1.051517e+13
9.578496e+12 1.420285e+13 1.098365e+13 9.853505e+12
8.751313e+12 1.483215e+13 1.148969e+13 1.235465e+13
7.940394e+12 1.221171e+13 1.281913e+13 1.239654e+13
7.283102e+12 1.020373e+13 1.448492e+13 1.429117e+13
9.162953e+12 1.054554e+13 1.312119e+13 1.332464e+13
8.905280e+12 1.034253e+13 1.284190e+13 1.569505e+13
1.020790e+13 9.768344e+12 1.139507e+13 1.498544e+13
1.148584e+13 1.271348e+13 1.154810e+13 1.072353e+13
1.246433e+13 1.225559e+13 1.156665e+13 9.735129e+12
1.298495e+13 1.213017e+13 1.221828e+13 1.020084e+13
1.265061e+13 1.256874e+13 9.911565e+12 1.136682e+13
9.908112e+12 1.095206e+13 9.961858e+12 1.162214e+13
8.996818e+12 9.824675e+12 8.554083e+12 9.605908e+12
7.770261e+12 1.110071e+13 7.697357e+12 9.990867e+12
1.072142e+13 1.271982e+13 9.961321e+12 1.219584e+13
1.324351e+13 1.021761e+13 9.202834e+12 1.031163e+13
1.423911e+13 9.533442e+12 1.006663e+13 1.163994e+13
1.357482e+13 9.584358e+12 1.011506e+13 1.319091e+13
1.362194e+13 9.868474e+12 9.551170e+12 1.205057e+13
1.670852e+13 1.253390e+13 1.145092e+13 1.309861e+13
1.675224e+13 1.486023e+13 1.314124e+13 1.050899e+13
1.605111e+13 1.338860e+13 1.486423e+13 1.108173e+13
1.442421e+13 1.453954e+13 1.407006e+13 1.149031e+13
1.490044e+13 1.593007e+13 1.404844e+13 1.119601e+13
1.513955e+13 1.678044e+13 1.500928e+13 1.211848e+13
1.595450e+13 1.539667e+13 1.268070e+13 1.383186e+13
1.649531e+13 1.496999e+13 1.007836e+13 1.342013e+13
1.308803e+13 1.261346e+13 1.000746e+13 9.037714e+12
1.312068e+13 1.244798e+13 1.145922e+13 8.572211e+12
1.396446e+13 1.127346e+13 1.213116e+13 1.097827e+13
1.310303e+13 1.046595e+13 1.052610e+13 1.174227e+13
1.131515e+13 1.064435e+13 1.196105e+13 1.398468e+13
1.037508e+13 1.203774e+13 1.096535e+13 1.338535e+13
1.202391e+13 1.521835e+13 1.144423e+13 1.178738e+13
1.315741e+13 1.664563e+13 1.181684e+13 1.304681e+13
1.465855e+13 1.349790e+13 1.302987e+13 1.351993e+13
1.423854e+13 1.409653e+13 1.543217e+13 1.259317e+13
1.141736e+13 1.420016e+13 1.609681e+13 1.304683e+13
1.116713e+13 1.278728e+13 1.518718e+13 1.701087e+13
1.204112e+13 1.332864e+13 1.548123e+13 1.356985e+13
1.158492e+13 1.105567e+13 1.339514e+13 1.327432e+13
1.415420e+13 1.093696e+13 1.602867e+13 1.677099e+13
1.226908e+13 1.025970e+13 1.515181e+13 1.774948e+13
1.024990e+13 1.098211e+13 1.419324e+13 1.648190e+13
1.129307e+13 1.027216e+13 1.476849e+13 1.572106e+13
1.316148e+13 1.185140e+13 1.520388e+13 1.630511e+13
2.037104e+13 1.258520e+13 1.343526e+13 1.500916e+13
2.386371e+13 1.467928e+13 1.347505e+13 1.488305e+13
2.084286e+13 1.661521e+13 1.404890e+13 1.155538e+13
1.777988e+13 1.707609e+13 1.429570e+13 1.112241e+13
1.774242e+13 1.772565e+13 1.286811e+13 1.044584e+13
2.034416e+13 1.719130e+13 1.206210e+13 1.046455e+13
1.830004e+13 1.725560e+13 9.425739e+12 9.010042e+12
1.585374e+13 1.836526e+13 1.038958e+13 9.586239e+12
1.699093e+13 1.836383e+13 1.023920e+13 1.002405e+13
1.865362e+13 1.658327e+13 1.070942e+13 1.043395e+13
1.990359e+13 1.554916e+13 1.178473e+13 1.132229e+13
2.239560e+13 1.364768e+13 1.132830e+13 1.205842e+13
1.964269e+13 1.406383e+13 1.222663e+13 1.154595e+13
1.787356e+13 1.606980e+13 1.312190e+13 1.458470e+13
1.807372e+13 1.704958e+13 1.453873e+13 1.132246e+13
1.468741e+13 1.797335e+13 1.731967e+13 1.419290e+13
1.154742e+13 1.733496e+13 1.778352e+13 1.904840e+13
1.219281e+13 1.382746e+13 1.793882e+13 1.859521e+13
1.271589e+13 1.259474e+13 1.833281e+13 1.817605e+13
1.441698e+13 1.637998e+13 1.976703e+13 1.852206e+13
1.222256e+13 1.611551e+13 1.915511e+13 1.869646e+13
1.631331e+13 1.736506e+13 1.568659e+13 1.689724e+13
1.996799e+13 1.584276e+13 1.551444e+13 1.933635e+13
1.948514e+13 1.993733e+13 1.868079e+13 1.540122e+13
1.939724e+13 1.938682e+13 1.745377e+13 1.884860e+13
2.018352e+13 1.858813e+13 1.798691e+13 2.017338e+13
2.028893e+13 2.060223e+13 1.745956e+13 2.008933e+13
1.969602e+13 2.099815e+13 1.761727e+13 1.894340e+13
2.006821e+13 1.926670e+13 1.502546e+13 1.978532e+13
1.616543e+13 1.592621e+13 1.451791e+13 2.031636e+13
1.747796e+13 1.540379e+13 1.767874e+13 1.695237e+13
2.058954e+13 1.713960e+13 1.625830e+13 1.889839e+13
2.762862e+13 1.880595e+13 1.489204e+13 2.220463e+13
3.162953e+13 2.277868e+13 1.942215e+13 1.917744e+13
3.069626e+13 2.173201e+13 1.753723e+13 2.023361e+13
2.865339e+13 2.233858e+13 1.793815e+13 2.109000e+13
3.182268e+13 2.496729e+13 2.595972e+13 2.408538e+13
2.811036e+13 2.510201e+13 2.994938e+13 2.071896e+13
2.697966e+13 2.322553e+13 2.683250e+13 1.587017e+13
2.655486e+13 2.674204e+13 2.498129e+13 1.505434e+13
2.706243e+13 2.537032e+13 2.400861e+13 2.106096e+13
3.080127e+13 2.728006e+13 2.695913e+13 2.585294e+13
3.035148e+13 2.627737e+13 2.914747e+13 3.033045e+13
3.046751e+13 2.203179e+13 2.479359e+13 2.971034e+13
3.377319e+13 2.215536e+13 2.448706e+13 2.556403e+13
3.530483e+13 2.347998e+13 2.875800e+13 2.794141e+13
2.930152e+13 2.224820e+13 2.445131e+13 2.889540e+13
2.752158e+13 2.230353e+13 2.302097e+13 3.289407e+13
2.655102e+13 2.567361e+13 2.376523e+13 3.460633e+13
2.614693e+13 2.202854e+13 2.794890e+13 3.079149e+13
2.221584e+13 2.589196e+13 2.750520e+13 2.807184e+13
1.705430e+13 2.611060e+13 2.431331e+13 2.917372e+13
1.582424e+13 2.614308e+13 2.963554e+13 3.567188e+13
1.601201e+13 2.353270e+13 3.489687e+13 3.741230e+13
3.039596e+13 3.047863e+13 3.596061e+13 3.365010e+13
3.013785e+13 3.114909e+13 3.697273e+13 3.615631e+13
2.093363e+13 2.950619e+13 3.341963e+13 3.556854e+13
2.141270e+13 2.240348e+13 3.166626e+13 3.501455e+13
2.330536e+13 2.779900e+13 3.091911e+13 2.292779e+13
2.353721e+13 2.969961e+13 3.171904e+13 1.800468e+13
4.157192e+13 2.883066e+13 3.248152e+13 3.482269e+13
5.057135e+13 3.052064e+13 2.600049e+13 3.550377e+13
3.474178e+13 2.922625e+13 3.068400e+13 4.229717e+13
2.322829e+13 2.437441e+13 3.206243e+13 3.525105e+13
3.185182e+13 3.146674e+13 3.648241e+13 4.882684e+13
3.976293e+13 3.164458e+13 2.327921e+13 2.963919e+13
4.528452e+13 2.723389e+13 2.425184e+13 3.123795e+13
4.831771e+13 3.826601e+13 2.605805e+13 2.287943e+13
3.486723e+13 3.734598e+13 2.410261e+13 2.872744e+13
3.476559e+13 3.477502e+13 2.371441e+13 2.064491e+13
4.044149e+13 3.411243e+13 3.304206e+13 2.096653e+13
2.597040e+13 2.618072e+13 3.209335e+13 3.579820e+13
3.369092e+13 3.079433e+13 3.521706e+13 3.595211e+13
2.793225e+13 3.606885e+13 3.395193e+13 3.557010e+13
4.066304e+13 4.255934e+13 3.838930e+13 4.224594e+13
3.947600e+13 3.745440e+13 2.787761e+13 2.617354e+13
3.736001e+13 3.580362e+13 2.641784e+13 2.760256e+13
3.829043e+13 3.434194e+13 3.229410e+13 3.357010e+13
2.841675e+13 3.301449e+13 3.362490e+13 2.623468e+13
3.734731e+13 3.239108e+13 2.864065e+13 2.778092e+13
3.714105e+13 3.013787e+13 3.065993e+13 3.487030e+13
3.807847e+13 3.282631e+13 3.517990e+13 3.541121e+13
3.297856e+13 4.106902e+13 4.624887e+13 3.428276e+13
3.837033e+13 3.530311e+13 3.741574e+13 2.404137e+13
3.608665e+13 2.927347e+13 3.422376e+13 2.417868e+13
3.177889e+13 3.095832e+13 3.232698e+13 2.105383e+13
2.177117e+13 2.783362e+13 2.812386e+13 2.008938e+13
2.072539e+13 2.215784e+13 2.827152e+13 2.169029e+13
1.577549e+13 2.157182e+13 2.808131e+13 2.079218e+13
2.123251e+13 2.662461e+13 2.440345e+13 1.982843e+13
2.202361e+13 2.454747e+13 2.039465e+13 2.314569e+13
1.857447e+13 2.269132e+13 1.879098e+13 2.243393e+13
1.631388e+13 2.339679e+13 2.658088e+13 2.079960e+13
2.380197e+13 2.412609e+13 2.550003e+13 2.189679e+13
2.328623e+13 2.143146e+13 2.283552e+13 2.632587e+13
2.397780e+13 2.126133e+13 1.917014e+13 2.217057e+13
2.277793e+13 2.108213e+13 1.921415e+13 1.523037e+13
1.731175e+13 1.727554e+13 1.735918e+13 1.467184e+13
2.014626e+13 1.759556e+13 1.584617e+13 1.964986e+13
1.772702e+13 1.857846e+13 1.765745e+13 2.329744e+13
1.640669e+13 2.028254e+13 2.348821e+13 2.453286e+13
1.664682e+13 1.765581e+13 2.182948e+13 2.698977e+13
1.895630e+13 1.704352e+13 2.144796e+13 1.820667e+13
2.158265e+13 1.981613e+13 2.092228e+13 1.535394e+13
2.171423e+13 1.840061e+13 1.963684e+13 1.580523e+13
2.645919e+13 1.670182e+13 1.709282e+13 1.570656e+13
2.987321e+13 1.909495e+13 1.701368e+13 1.868610e+13
2.541965e+13 2.114292e+13 1.846511e+13 1.909693e+13
2.693020e+13 2.405369e+13 1.915848e+13 1.587493e+13
2.629363e+13 2.236416e+13 1.836320e+13 1.839370e+13
2.085853e+13 1.913955e+13 2.060252e+13 1.582393e+13
1.673064e+13 1.724468e+13 2.092328e+13 1.587279e+13
1.364270e+13 1.567163e+13 1.830452e+13 1.637436e+13
1.287754e+13 1.813967e+13 1.989410e+13 1.533536e+13
1.924903e+13 1.694144e+13 1.822631e+13 1.272696e+13
1.622484e+13 1.551325e+13 1.790655e+13 1.631483e+13
1.662579e+13 1.424772e+13 1.531726e+13 1.731253e+13
1.898130e+13 1.705573e+13 1.721071e+13 2.246275e+13
1.573734e+13 1.705505e+13 1.806174e+13 1.761110e+13
1.227621e+13 1.780233e+13 1.776692e+13 1.626965e+13
1.226423e+13 1.858629e+13 1.710738e+13 1.733826e+13
1.326245e+13 1.959010e+13 1.575610e+13 1.796117e+13
1.430548e+13 1.653882e+13 1.132295e+13 1.582114e+13
1.474092e+13 1.670839e+13 1.118326e+13 1.393440e+13
1.992290e+13 1.731202e+13 1.244965e+13 1.329244e+13
2.205128e+13 1.908652e+13 1.374382e+13 1.226034e+13
2.191153e+13 1.668268e+13 1.345207e+13 1.209790e+13
2.341484e+13 1.697830e+13 1.384420e+13 1.330353e+13
2.404126e+13 1.604228e+13 9.457860e+12 1.180082e+13
2.467595e+13 1.380195e+13 9.584499e+12 1.266886e+13
2.146985e+13 1.303064e+13 1.121021e+13 1.316733e+13
1.736908e+13 1.420497e+13 1.231629e+13 1.274791e+13
1.709762e+13 1.500063e+13 1.323292e+13 1.275481e+13
1.778516e+13 1.493396e+13 1.368680e+13 1.316749e+13
1.896218e+13 1.465256e+13 1.487051e+13 1.380251e+13
1.834579e+13 1.544801e+13 1.403881e+13 1.370395e+13
1.800175e+13 1.631968e+13 1.382822e+13 1.875117e+13
1.656312e+13 1.547086e+13 1.282680e+13 1.746865e+13
1.435933e+13 1.573956e+13 1.453962e+13 1.813722e+13
1.741719e+13 1.599240e+13 1.529635e+13 1.787858e+13
1.516498e+13 1.533746e+13 1.610005e+13 1.907129e+13
1.298964e+13 1.527713e+13 1.542578e+13 1.672858e+13
1.325139e+13 1.509336e+13 1.503164e+13 1.239908e+13
1.254464e+13 1.443570e+13 1.350609e+13 1.001958e+13
1.269638e+13 1.364579e+13 1.550521e+13 8.230078e+12
1.354397e+13 1.398501e+13 1.406282e+13 1.149639e+13
1.244110e+13 1.262842e+13 1.223501e+13 1.007612e+13
1.420306e+13 1.108028e+13 1.130456e+13 1.093321e+13
1.450304e+13 1.240731e+13 1.201585e+13 1.148167e+13
1.595192e+13 1.410362e+13 1.050312e+13 1.041781e+13
1.801138e+13 1.440070e+13 9.283022e+12 9.307276e+12
1.664090e+13 1.362946e+13 9.868436e+12 7.711276e+12
1.647300e+13 1.434472e+13 1.016713e+13 5.697998e+12
1.674686e+13 1.318918e+13 1.092947e+13 6.382449e+12
1.846395e+13 1.280282e+13 1.060473e+13 6.472874e+12
1.859406e+13 1.455680e+13 1.127416e+13 6.976257e+12
1.748559e+13 1.578430e+13 1.180403e+13 1.051308e+13
1.984015e+13 1.448722e+13 1.146023e+13 1.190928e+13
1.471005e+13 1.278409e+13 1.160494e+13 1.119992e+13
1.112350e+13 1.381643e+13 1.248960e+13 1.096601e+13
1.122078e+13 1.354682e+13 1.239930e+13 1.245458e+13
9.889589e+12 1.247710e+13 1.138511e+13 1.309194e+13
9.527755e+12 1.152425e+13 1.201318e+13 1.086607e+13
1.119385e+13 1.199055e+13 1.380676e+13 1.270817e+13
1.162904e+13 1.223289e+13 1.357738e+13 1.249577e+13
1.063891e+13 1.063005e+13 1.282942e+13 1.255558e+13
9.254918e+12 1.167576e+13 1.140258e+13 9.936652e+12
1.347586e+13 1.265430e+13 1.068153e+13 1.038735e+13
1.188267e+13 1.172472e+13 8.690332e+12 1.215099e+13
9.986624e+12 1.275330e+13 8.972478e+12 1.180703e+13
1.162534e+13 1.242751e+13 1.100918e+13 9.787583e+12
1.144144e+13 1.278324e+13 1.035341e+13 9.878255e+12
1.204131e+13 1.239332e+13 9.982132e+12 9.728873e+12
1.297635e+13 1.287623e+13 1.120256e+13 1.044666e+13
1.218238e+13 1.238959e+13 1.060324e+13 8.457722e+12
1.048374e+13 1.330511e+13 1.022804e+13 9.873342e+12
1.254636e+13 1.471128e+13 1.187852e+13 1.099489e+13
1.425548e+13 1.490538e+13 1.217512e+13 1.264908e+13
1.587924e+13 1.472513e+13 1.095808e+13 1.344381e+13
1.234652e+13 1.534189e+13 1.069993e+13 1.195685e+13
1.186611e+13 1.372316e+13 1.034699e+13 1.166517e+13
1.013153e+13 1.353699e+13 1.121086e+13 1.294433e+13
1.269326e+13 1.445090e+13 1.146393e+13 1.041173e+13
1.287050e+13 1.329943e+13 9.523144e+12 9.966589e+12
1.219421e+13 1.268588e+13 8.917861e+12 1.017205e+13
1.380693e+13 1.140636e+13 9.583028e+12 9.306826e+12
1.549335e+13 1.196500e+13 1.114029e+13 9.585846e+12
1.362141e+13 1.168366e+13 1.245186e+13 1.037745e+13
1.527698e+13 1.019011e+13 1.277056e+13 1.307042e+13
1.172999e+13 9.627463e+12 1.270026e+13 1.288130e+13
1.108771e+13 1.023809e+13 1.120735e+13 1.305534e+13
1.253009e+13 1.224949e+13 1.149125e+13 1.493373e+13
1.222105e+13 1.238272e+13 1.100651e+13 1.371016e+13
1.337757e+13 1.229853e+13 1.070061e+13 1.420031e+13
1.181775e+13 1.322983e+13 1.134326e+13 1.252504e+13
1.321301e+13 1.310043e+13 1.183401e+13 1.234779e+13
1.178106e+13 1.169015e+13 9.049169e+12 9.685571e+12
9.702267e+12 1.092947e+13 9.080152e+12 8.159798e+12
1.178922e+13 1.146226e+13 9.663304e+12 9.120032e+12
1.412991e+13 1.177882e+13 9.106996e+12 9.036557e+12
1.265694e+13 1.229234e+13 8.957764e+12 9.761992e+12
1.211483e+13 1.141754e+13 8.185028e+12 1.035784e+13
1.132097e+13 1.119369e+13 7.273359e+12 1.003408e+13
1.247940e+13 1.119246e+13 7.582187e+12 8.485971e+12
1.402433e+13 1.170324e+13 6.176765e+12 5.401060e+12
1.316734e+13 1.183556e+13 5.754795e+12 6.970683e+12
1.332818e+13 1.295669e+13 7.651250e+12 7.496665e+12
1.197429e+13 1.194265e+13 8.166316e+12 8.671252e+12
1.160581e+13 1.182331e+13 7.669480e+12 7.772813e+12
9.599729e+12 1.099096e+13 8.281428e+12 1.020557e+13
8.426797e+12 1.171467e+13 9.691755e+12 1.149009e+13
8.703844e+12 1.197053e+13 9.644411e+12 1.110511e+13
7.600099e+12 1.080826e+13 9.893537e+12 1.055189e+13
8.611395e+12 1.110165e+13 1.063626e+13 1.098475e+13
9.194670e+12 1.092240e+13 9.901734e+12 1.028689e+13
9.101560e+12 1.042179e+13 9.892777e+12 1.303612e+13
8.672598e+12 1.024837e+13 9.728889e+12 1.097687e+13
8.411140e+12 1.053985e+13 9.972531e+12 1.040880e+13
1.056680e+13 1.039917e+13 9.205458e+12 1.037063e+13
1.296124e+13 9.713635e+12 7.960672e+12 9.672718e+12
1.253160e+13 9.815008e+12 8.333102e+12 9.565778e+12
1.206820e+13 1.062355e+13 8.525772e+12 8.055176e+12
1.246624e+13 1.162420e+13 9.024483e+12 6.809329e+12
1.260963e+13 1.245329e+13 9.263524e+12 7.596306e+12
1.072362e+13 1.230816e+13 1.014656e+13 7.737133e+12
1.108195e+13 1.228789e+13 9.303960e+12 8.327365e+12
1.115076e+13 1.124768e+13 9.675376e+12 7.969986e+12
1.345917e+13 1.115810e+13 7.936797e+12 8.640761e+12
1.534702e+13 1.077202e+13 8.345759e+12 9.332687e+12
1.577972e+13 1.171825e+13 9.799198e+12 9.526010e+12
1.653969e+13 1.128907e+13 9.333658e+12 1.064947e+13
1.418183e+13 1.229267e+13 9.726789e+12 1.047697e+13
1.198372e+13 1.101109e+13 9.046731e+12 9.989202e+12
1.208153e+13 1.151112e+13 9.092195e+12 1.062451e+13
1.268705e+13 1.077865e+13 8.622855e+12 1.114712e+13
1.286557e+13 9.572068e+12 8.246623e+12 1.005365e+13
1.516558e+13 8.807168e+12 8.423062e+12 9.419562e+12
1.646702e+13 9.299331e+12 9.154625e+12 9.944565e+12
1.550609e+13 8.436168e+12 9.597256e+12 8.632100e+12
1.405078e+13 8.987797e+12 1.035371e+13 8.014580e+12
1.466554e+13 9.062118e+12 9.695574e+12 8.438535e+12
1.240916e+13 7.152968e+12 8.553867e+12 8.210029e+12
1.140915e+13 7.625313e+12 8.505502e+12 8.751140e+12
9.707124e+12 8.266540e+12 9.354822e+12 8.615430e+12
9.086122e+12 7.448623e+12 9.078159e+12 8.713956e+12
9.366844e+12 7.125405e+12 8.504628e+12 9.692708e+12
1.058157e+13 7.731735e+12 8.055232e+12 1.029088e+13
9.696666e+12 8.520047e+12 8.665856e+12 9.849514e+12
8.539961e+12 8.564338e+12 8.654339e+12 9.600204e+12
1.070652e+13 7.304336e+12 8.037128e+12 8.190381e+12
1.032366e+13 8.198902e+12 8.219024e+12 6.856043e+12
9.813420e+12 8.219200e+12 8.859380e+12 6.478991e+12
9.107628e+12 8.082442e+12 1.024405e+13 8.526906e+12
9.615335e+12 7.755706e+12 9.850781e+12 8.487398e+12
1.012082e+13 9.127541e+12 1.108244e+13 8.621610e+12
1.027982e+13 8.794445e+12 1.210910e+13 8.278580e+12
9.415360e+12 8.952506e+12 1.130224e+13 7.186600e+12
1.092406e+13 8.687889e+12 1.026358e+13 8.536196e+12
1.024436e+13 9.765351e+12 1.096318e+13 1.038648e+13
1.142064e+13 1.043564e+13 1.117775e+13 1.055349e+13
1.185415e+13 1.142463e+13 1.061147e+13 9.856970e+12
1.413517e+13 1.160343e+13 9.301442e+12 8.727313e+12
1.442681e+13 1.030901e+13 9.570074e+12 9.428544e+12
1.462060e+13 1.044892e+13 9.611024e+12 1.047506e+13
1.729846e+13 1.178283e+13 9.499306e+12 1.046553e+13
1.551770e+13 1.242678e+13 9.974587e+12 1.058245e+13
1.184441e+13 1.173314e+13 1.021917e+13 1.124174e+13
9.103433e+12 1.150104e+13 9.330628e+12 8.542257e+12
8.621550e+12 1.373667e+13 9.444661e+12 9.460763e+12
7.898405e+12 1.269261e+13 9.052014e+12 9.297104e+12
8.613543e+12 1.213375e+13 8.468462e+12 7.692622e+12
7.353083e+12 9.368361e+12 1.003061e+13 6.808928e+12
8.340043e+12 8.597297e+12 1.112055e+13 6.722528e+12
8.535369e+12 9.154208e+12 1.215085e+13 7.385517e+12
7.446683e+12 9.644399e+12 1.236544e+13 8.456749e+12
7.189502e+12 9.253315e+12 1.337044e+13 1.030347e+13
7.038528e+12 8.939783e+12 1.195723e+13 9.661714e+12
7.696482e+12 7.928249e+12 1.018948e+13 1.242886e+13
6.745812e+12 6.694231e+12 1.099325e+13 1.109792e+13
7.719567e+12 7.163384e+12 1.098515e+13 9.124148e+12
9.147711e+12 7.241077e+12 9.203831e+12 1.027210e+13
1.004643e+13 7.582995e+12 8.133587e+12 1.012715e+13
8.519390e+12 6.770194e+12 8.347254e+12 9.659825e+12
8.638481e+12 7.236922e+12 8.670446e+12 8.667688e+12
9.992344e+12 7.798751e+12 8.828957e+12 9.473789e+12
8.756914e+12 7.684714e+12 9.692075e+12 9.490341e+12
9.207105e+12 8.964093e+12 1.099349e+13 9.092304e+12
8.538590e+12 9.279351e+12 1.012763e+13 9.311833e+12
8.075713e+12 8.506770e+12 9.956466e+12 9.720173e+12
5.816090e+12 1.009519e+13 1.160554e+13 9.498071e+12
6.743104e+12 1.119099e+13 1.200199e+13 8.835956e+12
6.875697e+12 1.173822e+13 1.125778e+13 7.224524e+12
7.384115e+12 1.074787e+13 1.145140e+13 5.285293e+12
8.753947e+12 1.081486e+13 1.212010e+13 5.328860e+12
7.478258e+12 9.925160e+12 1.312120e+13 6.235973e+12
9.067987e+12 9.189895e+12 1.270192e+13 7.125505e+12
9.029751e+12 8.730663e+12 1.131855e+13 6.545282e+12
9.313526e+12 7.848370e+12 9.516978e+12 6.627386e+12
7.703348e+12 8.826812e+12 8.223318e+12 7.168758e+12
6.352940e+12 8.774835e+12 8.170458e+12 6.971187e+12
5.924647e+12 8.750198e+12 9.736707e+12 8.671048e+12
5.962076e+12 9.413593e+12 8.904499e+12 8.413935e+12
5.500194e+12 9.145625e+12 8.431092e+12 8.770019e+12
4.907975e+12 8.818420e+12 7.948239e+12 9.622297e+12
5.878144e+12 8.529108e+12 7.602255e+12 9.138497e+12
7.590477e+12 9.480115e+12 7.231375e+12 1.023500e+13
7.762219e+12 9.685415e+12 7.083998e+12 9.391674e+12
8.179513e+12 8.996711e+12 7.497226e+12 8.952709e+12
6.918682e+12 9.278247e+12 9.086233e+12 8.432257e+12
6.998333e+12 9.130495e+12 9.919717e+12 9.854025e+12
7.348043e+12 8.613708e+12 9.540317e+12 1.086978e+13
6.580834e+12 8.040571e+12 9.902099e+12 1.041221e+13
7.960060e+12 8.089877e+12 9.328804e+12 1.039304e+13
1.019532e+13 9.294229e+12 1.037040e+13 8.711049e+12
9.679629e+12 9.290817e+12 1.014949e+13 9.219062e+12
8.802719e+12 7.360604e+12 1.024772e+13 9.251019e+12
8.852871e+12 8.916479e+12 1.117501e+13 8.576607e+12
8.999325e+12 1.013846e+13 1.200033e+13 9.537998e+12
9.214699e+12 8.702583e+12 1.136383e+13 9.518175e+12
8.724785e+12 8.156754e+12 1.020571e+13 1.018601e+13
7.777454e+12 9.631422e+12 9.517334e+12 7.883887e+12
8.810456e+12 1.067142e+13 8.509275e+12 5.933827e+12
