0.000000e+00 -0.000000e+00 -0.000000e+00 0.000000e+00
4.980916e+00 4.023936e+00 3.066956e+00 2.109975e+00
7.392878e-01 2.431310e+00 4.123333e+00 5.815355e+00
-7.144086e+00 -9.756659e-01 5.192754e+00 1.136117e+01
-1.031893e+01 -6.208704e+00 -2.098481e+00 2.011741e+00
-4.204949e+00 -2.111257e+00 -1.756435e-02 2.076128e+00
1.765209e+01 1.336422e+01 9.076349e+00 4.788477e+00
1.764893e+01 1.472178e+01 1.179462e+01 8.867472e+00
9.259288e+00 7.270195e+00 5.281101e+00 3.292008e+00
5.064703e+00 1.913724e+00 -1.237256e+00 -4.388235e+00
3.692878e+00 5.002483e-01 -2.692382e+00 -5.885012e+00
-2.255704e+00 1.042593e-01 2.464222e+00 4.824186e+00
6.803026e-03 2.269679e+00 4.532556e+00 6.795432e+00
-6.493292e-01 6.586451e-01 1.966619e+00 3.274594e+00
1.266670e+00 -1.452257e+00 -4.171184e+00 -6.890110e+00
-3.488058e+00 -7.004699e+00 -1.052134e+01 -1.403798e+01
-7.952101e+00 -8.527498e+00 -9.102896e+00 -9.678294e+00
-1.676188e+01 -1.306627e+01 -9.370666e+00 -5.675059e+00
-1.429366e+01 -1.171561e+01 -9.137557e+00 -6.559507e+00
-7.668894e+00 -7.410996e+00 -7.153098e+00 -6.895200e+00
-9.742878e-02 -2.526938e+00 -4.956447e+00 -7.385956e+00
-1.524773e+00 -3.724715e+00 -5.924657e+00 -8.124600e+00
5.317750e+00 3.257170e-01 -4.666315e+00 -9.658348e+00
-2.315991e+00 -2.997047e+00 -3.678102e+00 -4.359157e+00
-1.252477e+00 -4.049362e+00 -6.846246e+00 -9.643131e+00
1.265528e+00 -5.009033e+00 -1.128359e+01 -1.755815e+01
4.116599e+00 -3.207888e+00 -1.053237e+01 -1.785686e+01
2.812217e-01 -3.575787e+00 -7.432795e+00 -1.128980e+01
-5.447996e+00 -4.523883e+00 -3.599770e+00 -2.675657e+00
-1.222852e+01 -1.071116e+01 -9.193812e+00 -7.676459e+00
-1.145203e+01 -1.021974e+01 -8.987460e+00 -7.755178e+00
-7.444752e+00 -6.978896e+00 -6.513040e+00 -6.047184e+00
3.940071e+00 -1.004336e+00 -5.948744e+00 -1.089315e+01
5.349351e+00 1.769733e+00 -1.809884e+00 -5.389502e+00
3.939998e+00 5.617026e-01 -2.816593e+00 -6.194889e+00
6.360498e+00 3.219161e+00 7.782516e-02 -3.063511e+00
5.044907e+00 2.646574e+00 2.482414e-01 -2.150091e+00
-1.564093e+00 6.578462e-01 2.879785e+00 5.101724e+00
1.171959e+00 3.187498e+00 5.203038e+00 7.218577e+00
8.584480e+00 6.666347e+00 4.748214e+00 2.830081e+00
8.632195e+00 4.860033e+00 1.087871e+00 -2.684291e+00
1.490325e+01 7.547902e+00 1.925581e-01 -7.162785e+00
7.907099e+00 3.077560e+00 -1.751980e+00 -6.581519e+00
-5.180570e-01 -4.357244e+00 -8.196432e+00 -1.203562e+01
-4.608283e+00 -5.510784e+00 -6.413286e+00 -7.315788e+00
-7.111347e+00 -6.141924e+00 -5.172501e+00 -4.203078e+00
-8.205793e+00 -5.752803e+00 -3.299812e+00 -8.468221e-01
-1.099572e+00 -1.138343e+00 -1.177114e+00 -1.215885e+00
-6.834317e+00 -2.963134e+00 9.080480e-01 4.779230e+00
-8.563143e+00 -3.961885e+00 6.393735e-01 5.240632e+00
-3.727740e+00 -2.417726e+00 -1.107713e+00 2.023000e-01
-2.466614e-01 -2.549544e+00 -4.852427e+00 -7.155310e+00
-2.408301e+00 -3.185342e+00 -3.962384e+00 -4.739426e+00
5.002117e+00 -4.447570e-01 -5.891631e+00 -1.133851e+01
3.270148e+00 -1.920867e+00 -7.111882e+00 -1.230290e+01
2.386989e+00 -2.546457e+00 -7.479902e+00 -1.241335e+01
5.400469e+00 5.516436e-01 -4.297182e+00 -9.146007e+00
1.793788e+00 -4.775391e-01 -2.748866e+00 -5.020193e+00
1.631510e+00 1.309379e+00 9.872477e-01 6.651166e-01
1.864417e+00 -3.577988e-01 -2.580015e+00 -4.802231e+00
5.488780e-01 -7.110594e-01 -1.970997e+00 -3.230934e+00
-4.233365e-01 1.182457e+00 2.788250e+00 4.394043e+00
1.270025e-01 1.081841e+00 2.036679e+00 2.991517e+00
5.263109e+00 2.848310e+00 4.335113e-01 -1.981288e+00
7.023322e+00 3.968296e+00 9.132705e-01 -2.141755e+00
-7.101689e+00 -4.594308e+00 -2.086927e+00 4.204544e-01
-1.113820e+01 -9.290363e+00 -7.442531e+00 -5.594698e+00
-9.041729e+00 -9.063505e+00 -9.085281e+00 -9.107057e+00
2.478389e+00 -2.046062e+00 -6.570513e+00 -1.109496e+01
3.027574e+00 2.526281e-01 -2.522318e+00 -5.297265e+00
1.921923e+00 3.331334e+00 4.740745e+00 6.150155e+00
2.243427e+00 5.481247e+00 8.719068e+00 1.195689e+01
1.579648e+01 1.049843e+01 5.200379e+00 -9.767296e-02
9.187532e+00 7.298539e+00 5.409547e+00 3.520555e+00
2.929091e+00 -9.914544e-01 -4.912000e+00 -8.832546e+00
9.316737e+00 -4.361912e-01 -1.018912e+01 -1.994205e+01
7.704468e+00 2.151300e+00 -3.401868e+00 -8.955035e+00
3.768986e+00 1.907485e+00 4.598380e-02 -1.815517e+00
3.050303e+00 3.452797e+00 3.855290e+00 4.257784e+00
1.118681e+01 9.241744e+00 7.296673e+00 5.351602e+00
9.534071e+00 7.916381e+00 6.298692e+00 4.681002e+00
5.303338e+00 3.500739e+00 1.698139e+00 -1.044606e-01
-4.135390e+00 -4.338498e+00 -4.541606e+00 -4.744714e+00
-2.373507e+00 -1.837664e+00 -1.301820e+00 -7.659768e-01
4.353154e+00 1.271799e+00 -1.809556e+00 -4.890910e+00
1.326321e+01 1.187102e+01 1.047884e+01 9.086650e+00
1.731884e+01 1.499154e+01 1.266424e+01 1.033693e+01
1.929157e+01 1.354187e+01 7.792168e+00 2.042465e+00
5.661710e+00 5.277414e+00 4.893119e+00 4.508823e+00
-6.962803e+00 -4.518530e+00 -2.074258e+00 3.700145e-01
-2.287593e+00 -5.092985e+00 -7.898377e+00 -1.070377e+01
-4.015129e+00 -6.104081e+00 -8.193034e+00 -1.028199e+01
-8.037155e+00 -1.055114e+01 -1.306513e+01 -1.557912e+01
-1.797384e+01 -1.199860e+01 -6.023365e+00 -4.812561e-02
-5.752714e+00 -1.091328e+00 3.570058e+00 8.231444e+00
-1.199055e+00 -2.825059e-01 6.340436e-01 1.550593e+00
-6.914913e-01 -6.422926e-01 -5.930939e-01 -5.438951e-01
-8.467638e+00 -4.884962e+00 -1.302286e+00 2.280389e+00
-1.210379e+01 -7.335733e+00 -2.567673e+00 2.200387e+00
-1.274862e+01 -8.851792e+00 -4.954962e+00 -1.058132e+00
-2.774964e+00 -1.799906e+00 -8.248487e-01 1.502087e-01
1.143459e+00 4.019794e+00 6.896129e+00 9.772463e+00
-3.192165e+00 -2.390309e+00 -1.588453e+00 -7.865968e-01
-3.432834e+00 -4.208451e+00 -4.984069e+00 -5.759687e+00
-5.180285e+00 -4.817906e+00 -4.455528e+00 -4.093149e+00
7.651416e+00 6.105123e+00 4.558829e+00 3.012535e+00
1.954504e+01 1.664241e+01 1.373978e+01 1.083715e+01
9.354076e+00 1.243602e+01 1.551796e+01 1.859991e+01
6.012125e+00 8.435665e+00 1.085920e+01 1.328274e+01
1.223856e+01 1.148419e+01 1.072982e+01 9.975448e+00
7.133367e+00 5.167213e+00 3.201060e+00 1.234906e+00
7.215883e+00 5.532817e+00 3.849751e+00 2.166686e+00
6.342986e+00 3.446599e+00 5.502113e-01 -2.346176e+00
1.241965e+01 3.746414e+00 -4.926819e+00 -1.360005e+01
1.012400e+01 1.476490e+00 -7.171025e+00 -1.581854e+01
1.578992e+01 5.842305e+00 -4.105311e+00 -1.405293e+01
4.994307e+00 1.480403e+00 -2.033500e+00 -5.547404e+00
-2.754927e+00 -2.250339e+00 -1.745751e+00 -1.241162e+00
-9.482581e-01 -6.914425e-01 -4.346270e-01 -1.778114e-01
1.221974e+01 5.546130e+00 -1.127481e+00 -7.801092e+00
1.539098e+01 1.024478e+01 5.098591e+00 -4.760201e-02
1.615369e+01 1.177568e+01 7.397656e+00 3.019637e+00
7.891737e+00 4.467945e+00 1.044153e+00 -2.379639e+00
-6.400893e+00 -2.138897e+00 2.123100e+00 6.385097e+00
-6.099259e+00 -4.174140e+00 -2.249021e+00 -3.239023e-01
6.930144e+00 1.956539e+00 -3.017065e+00 -7.990669e+00
7.395459e+00 6.605081e+00 5.814704e+00 5.024327e+00
8.589869e-01 2.048511e+00 3.238035e+00 4.427558e+00
-1.350321e+00 -3.018880e+00 -4.687439e+00 -6.355998e+00
-5.033064e+00 -7.778272e+00 -1.052348e+01 -1.326869e+01
-7.847003e+00 -5.671953e+00 -3.496904e+00 -1.321854e+00
1.909777e-01 1.123785e+00 2.056593e+00 2.989401e+00
3.832961e-01 2.096997e+00 3.810697e+00 5.524397e+00
-3.091459e+00 -2.289667e-01 2.633526e+00 5.496018e+00
-5.086029e-01 -7.201013e-01 -9.315997e-01 -1.143098e+00
-6.432919e+00 -3.632617e+00 -8.323156e-01 1.967986e+00
-5.542651e+00 -1.646050e+00 2.250551e+00 6.147152e+00
-2.294813e+00 1.643352e+00 5.581516e+00 9.519680e+00
-5.440570e-01 1.153382e+00 2.850821e+00 4.548260e+00
-2.959353e+00 -1.123643e+00 7.120682e-01 2.547779e+00
-6.059627e+00 -1.775559e+00 2.508510e+00 6.792578e+00
6.065221e+00 2.761370e+00 -5.424808e-01 -3.846332e+00
-2.887700e+00 1.720742e+00 6.329184e+00 1.093763e+01
-1.946829e+00 -4.996067e-01 9.476157e-01 2.394838e+00
-3.575158e+00 -1.130981e+00 1.313197e+00 3.757374e+00
2.107426e+00 -8.631476e-01 -3.833721e+00 -6.804295e+00
-2.665566e+00 -3.363664e+00 -4.061763e+00 -4.759862e+00
-9.749831e+00 -7.480074e+00 -5.210317e+00 -2.940561e+00
-6.218872e+00 -2.222651e+00 1.773569e+00 5.769789e+00
5.173462e+00 4.739970e+00 4.306478e+00 3.872986e+00
1.042361e+01 5.375780e+00 3.279547e-01 -4.719871e+00
9.062835e+00 8.461170e+00 7.859504e+00 7.257839e+00
7.607884e+00 6.207450e+00 4.807015e+00 3.406581e+00
2.859019e+00 -4.613037e-04 -2.859942e+00 -5.719422e+00
-3.357477e+00 -2.351895e+00 -1.346314e+00 -3.407329e-01
4.807916e+00 3.305095e+00 1.802274e+00 2.994526e-01
1.199354e+01 7.128729e+00 2.263914e+00 -2.600901e+00
3.880797e+00 3.985339e+00 4.089882e+00 4.194425e+00
8.414029e+00 5.883517e+00 3.353005e+00 8.224924e-01
1.419502e+01 1.062994e+01 7.064855e+00 3.499771e+00
1.447082e+01 1.200046e+01 9.530095e+00 7.059732e+00
1.746334e+01 9.814105e+00 2.164873e+00 -5.484358e+00
7.102176e+00 7.364651e+00 7.627127e+00 7.889603e+00
8.349509e+00 7.633039e+00 6.916569e+00 6.200100e+00
1.553145e+00 4.043737e-01 -7.443975e-01 -1.893169e+00
4.125408e+00 1.208195e+00 -1.709018e+00 -4.626231e+00
3.728732e-01 -3.197729e+00 -6.768332e+00 -1.033893e+01
-2.445494e+00 -6.832115e+00 -1.121874e+01 -1.560536e+01
-1.401476e+00 -1.990457e+00 -2.579437e+00 -3.168418e+00
-3.147004e+00 -4.018559e+00 -4.890114e+00 -5.761669e+00
7.637637e-01 -1.109318e+00 -2.982400e+00 -4.855482e+00
1.149855e+00 -4.393440e-01 -2.028543e+00 -3.617741e+00
-7.645120e+00 -4.500526e+00 -1.355932e+00 1.788662e+00
2.168137e-01 -9.512226e-01 -2.119259e+00 -3.287295e+00
-3.750453e-01 -2.651320e+00 -4.927596e+00 -7.203871e+00
-3.286211e+00 -3.105589e+00 -2.924968e+00 -2.744347e+00
3.647652e-01 -4.109004e+00 -8.582774e+00 -1.305654e+01
-8.854619e+00 -5.768340e+00 -2.682060e+00 4.042192e-01
-1.709873e+00 -2.827867e-01 1.144300e+00 2.571386e+00
3.536050e+00 -2.107048e+00 -7.750145e+00 -1.339324e+01
-6.837622e+00 -5.894122e+00 -4.950623e+00 -4.007123e+00
-2.296230e+01 -1.394694e+01 -4.931569e+00 4.083797e+00
-2.252023e+01 -1.715279e+01 -1.178535e+01 -6.417909e+00
-1.470958e+01 -1.175997e+01 -8.810360e+00 -5.860752e+00
-3.085233e+00 -2.646419e+00 -2.207605e+00 -1.768792e+00
-9.948223e-01 -3.843789e-01 2.260646e-01 8.365080e-01
-2.840549e+00 -5.518405e+00 -8.196262e+00 -1.087412e+01
-8.878346e+00 -9.750329e+00 -1.062231e+01 -1.149429e+01
-6.791356e+00 -6.179835e+00 -5.568315e+00 -4.956795e+00
5.255184e+00 3.289978e+00 1.324773e+00 -6.404330e-01
7.742172e+00 7.147163e+00 6.552154e+00 5.957145e+00
1.885761e+01 1.286096e+01 6.864297e+00 8.676383e-01
4.978386e+00 5.213785e+00 5.449184e+00 5.684583e+00
-9.956232e+00 -2.213562e+00 5.529108e+00 1.327178e+01
-7.655573e+00 -3.132434e+00 1.390706e+00 5.913846e+00
2.841331e+00 4.105933e+00 5.370535e+00 6.635137e+00
1.324724e+01 6.404110e+00 -4.390237e-01 -7.282157e+00
-1.709181e+00 2.237385e+00 6.183951e+00 1.013052e+01
1.170118e+00 4.491649e+00 7.813181e+00 1.113471e+01
1.144494e+01 7.020982e+00 2.597025e+00 -1.826932e+00
1.212587e+01 5.211283e+00 -1.703302e+00 -8.617887e+00
-8.383931e+00 -6.686746e+00 -4.989560e+00 -3.292375e+00
-9.679323e+00 -3.739788e+00 2.199747e+00 8.139282e+00
-4.722471e+00 -2.353301e+00 1.586982e-02 2.385040e+00
-8.664670e+00 -6.465364e+00 -4.266058e+00 -2.066753e+00
-7.351857e+00 -5.085852e+00 -2.819847e+00 -5.538426e-01
-1.302888e+01 -9.441991e+00 -5.855099e+00 -2.268208e+00
-1.844203e+01 -1.616306e+01 -1.388409e+01 -1.160512e+01
-9.747310e+00 -9.856335e+00 -9.965360e+00 -1.007438e+01
7.537538e+00 -7.110479e-01 -8.959634e+00 -1.720822e+01
1.193250e+00 -4.298357e+00 -9.789965e+00 -1.528157e+01
-4.633431e-01 -2.343069e+00 -4.222795e+00 -6.102521e+00
1.577632e+00 -1.866407e+00 -5.310446e+00 -8.754485e+00
-3.882477e+00 -5.067827e+00 -6.253178e+00 -7.438528e+00
-1.274425e+01 -1.025902e+01 -7.773790e+00 -5.288561e+00
-8.485671e+00 -7.706826e+00 -6.927980e+00 -6.149135e+00
4.949566e-01 1.960450e+00 3.425943e+00 4.891435e+00
-3.489235e+00 -2.447566e+00 -1.405898e+00 -3.642295e-01
-9.405897e+00 -7.451432e+00 -5.496967e+00 -3.542501e+00
-6.512617e+00 -5.393119e+00 -4.273621e+00 -3.154124e+00
1.080418e+00 -1.851332e+00 -4.783082e+00 -7.714832e+00
1.058659e+01 1.077963e+01 1.097267e+01 1.116571e+01
1.447538e+01 1.177063e+01 9.065871e+00 6.361114e+00
1.678718e+01 1.280610e+01 8.825023e+00 4.843942e+00
1.015427e+01 9.152058e+00 8.149845e+00 7.147632e+00
9.607965e+00 3.566363e+00 -2.475239e+00 -8.516841e+00
8.906005e+00 5.275710e+00 1.645414e+00 -1.984881e+00
1.164770e+01 6.914678e+00 2.181654e+00 -2.551369e+00
1.654927e+01 1.455353e+01 1.255778e+01 1.056203e+01
6.642700e+00 6.891353e+00 7.140006e+00 7.388660e+00
5.434365e+00 9.723384e+00 1.401240e+01 1.830142e+01
2.533412e+00 3.781081e+00 5.028751e+00 6.276421e+00
6.239901e+00 4.320028e+00 2.400155e+00 4.802820e-01
1.145875e+01 4.723189e+00 -2.012370e+00 -8.747929e+00
4.822336e+00 2.456897e+00 9.145745e-02 -2.273982e+00
-6.083930e+00 -6.827524e+00 -7.571117e+00 -8.314711e+00
-1.008419e+01 -1.016000e+01 -1.023582e+01 -1.031164e+01
-5.161411e+00 -2.758063e+00 -3.547138e-01 2.048635e+00
6.670221e+00 1.027790e+00 -4.614641e+00 -1.025707e+01
2.841592e+00 9.024972e-02 -2.661092e+00 -5.412435e+00
9.467332e+00 3.027022e+00 -3.413288e+00 -9.853597e+00
-9.968070e+00 -1.020392e+01 -1.043977e+01 -1.067562e+01
-1.391753e+01 -1.430326e+01 -1.468899e+01 -1.507472e+01
-7.126804e+00 -1.310046e+01 -1.907412e+01 -2.504778e+01
-9.121499e+00 -6.591518e+00 -4.061537e+00 -1.531555e+00
-2.460316e+00 4.758761e+00 1.197784e+01 1.919691e+01
-3.088537e+00 2.430220e+00 7.948978e+00 1.346774e+01
-8.199945e+00 -2.550196e+00 3.099553e+00 8.749302e+00
-1.537738e+00 6.078949e+00 1.369564e+01 2.131232e+01
2.790107e+00 1.026417e+01 1.773823e+01 2.521229e+01
1.006898e+00 8.302719e+00 1.559854e+01 2.289436e+01
1.901371e+01 1.391108e+01 8.808460e+00 3.705837e+00
4.601086e+00 4.701178e+00 4.801269e+00 4.901361e+00
-1.208290e+01 -4.939333e+00 2.204236e+00 9.347806e+00
-1.159987e+01 -3.690466e+00 4.218932e+00 1.212833e+01
-7.038489e+00 8.819441e-01 8.802377e+00 1.672281e+01
-4.255534e+00 2.863519e+00 9.982572e+00 1.710162e+01
-4.311706e+00 -1.490984e+00 1.329738e+00 4.150460e+00
-7.955831e+00 -4.258966e+00 -5.621019e-01 3.134763e+00
3.833273e+00 4.355493e+00 4.877712e+00 5.399932e+00
9.511324e-01 4.997695e+00 9.044257e+00 1.309082e+01
5.778997e+00 9.160098e+00 1.254120e+01 1.592230e+01
8.714713e+00 4.757999e+00 8.012847e-01 -3.155430e+00
1.109392e+01 4.320266e+00 -2.453391e+00 -9.227048e+00
1.139439e+01 3.618988e+00 -4.156418e+00 -1.193182e+01
-9.523566e+00 -8.052192e+00 -6.580819e+00 -5.109446e+00
-1.984960e+01 -7.993339e+00 3.862920e+00 1.571918e+01
-2.715522e+00 5.614480e+00 1.394448e+01 2.227448e+01
9.565732e+00 9.199015e+00 8.832298e+00 8.465582e+00
1.031836e+01 7.911949e+00 5.505539e+00 3.099130e+00
-1.491520e+00 2.570743e+00 6.633007e+00 1.069527e+01
8.410010e+00 4.030710e+00 -3.485894e-01 -4.727889e+00
8.246553e+00 6.133995e+00 4.021437e+00 1.908879e+00
-3.966416e-01 7.648971e-01 1.926436e+00 3.087974e+00
-1.067733e+01 -7.471384e+00 -4.265442e+00 -1.059499e+00
7.010515e+00 7.168592e+00 7.326669e+00 7.484745e+00
1.735310e+01 1.149660e+01 5.640105e+00 -2.163933e-01
1.665866e+01 1.128929e+01 5.919912e+00 5.505367e-01
3.012180e+00 -1.082312e+00 -5.176804e+00 -9.271296e+00
-5.564344e+00 -6.912710e+00 -8.261075e+00 -9.609441e+00
-1.017743e+01 -8.705720e+00 -7.234007e+00 -5.762294e+00
-3.850302e+00 -4.963687e+00 -6.077072e+00 -7.190458e+00
1.383665e+00 1.156403e+00 9.291403e-01 7.018779e-01
-9.689424e+00 -4.499762e+00 6.898998e-01 5.879562e+00
-1.188202e+01 -6.033980e+00 -1.859405e-01 5.662099e+00
-1.258511e+01 -7.180935e+00 -1.776760e+00 3.627414e+00
-2.837376e+00 -2.919543e+00 -3.001711e+00 -3.083878e+00
-5.459548e+00 -2.016792e+00 1.425964e+00 4.868720e+00
-1.056165e+01 -3.049471e+00 4.462704e+00 1.197488e+01
-6.186016e+00 -5.010209e+00 -3.834402e+00 -2.658594e+00
-1.541316e+01 -1.032631e+01 -5.239459e+00 -1.526059e-01
-6.365810e+00 -1.405667e+00 3.554477e+00 8.514621e+00
-1.280269e+00 3.023105e+00 7.326479e+00 1.162985e+01
-1.434894e+01 -1.032536e+01 -6.301786e+00 -2.278207e+00
-2.527956e+01 -1.792878e+01 -1.057800e+01 -3.227218e+00
-1.787277e+01 -1.326128e+01 -8.649790e+00 -4.038299e+00
-1.467371e+01 -9.219972e+00 -3.766239e+00 1.687495e+00
-6.659523e+00 -9.536423e-01 4.752238e+00 1.045812e+01
6.697006e+00 5.673134e+00 4.649261e+00 3.625389e+00
3.262582e+00 1.045481e+00 -1.171620e+00 -3.388721e+00
2.611294e+00 1.052439e+00 -5.064148e-01 -2.065269e+00
7.786730e+00 9.689243e+00 1.159176e+01 1.349427e+01
7.305642e+00 5.103482e+00 2.901321e+00 6.991612e-01
1.294207e+01 9.812504e+00 6.682939e+00 3.553373e+00
4.135932e+00 1.188515e+00 -1.758901e+00 -4.706317e+00
2.993066e+00 3.001867e+00 3.010668e+00 3.019469e+00
-4.426539e+00 -7.401176e-01 2.946303e+00 6.632725e+00
-1.627967e+01 -8.727946e+00 -1.176217e+00 6.375511e+00
1.244330e-01 -2.454622e+00 -5.033678e+00 -7.612733e+00
2.986116e+00 2.114078e+00 1.242041e+00 3.700040e-01
-9.654915e+00 -4.562263e+00 5.303885e-01 5.623040e+00
-2.071237e+00 -1.686518e+00 -1.301800e+00 -9.170812e-01
5.391107e+00 3.655151e+00 1.919195e+00 1.832382e-01
4.022309e+00 2.304595e+00 5.868815e-01 -1.130832e+00
-2.506552e-01 -9.859787e-02 5.345942e-02 2.055167e-01
-6.681579e-01 1.022133e+00 2.712424e+00 4.402715e+00
1.962650e+00 6.002340e+00 1.004203e+01 1.408172e+01
1.576364e+00 3.069349e+00 4.562334e+00 6.055319e+00
-4.792199e+00 -2.946983e+00 -1.101767e+00 7.434484e-01
-1.021590e+00 -1.453292e+00 -1.884994e+00 -2.316696e+00
1.233214e+01 8.934396e+00 5.536657e+00 2.138917e+00
1.677751e+01 9.132985e+00 1.488462e+00 -6.156061e+00
-4.688345e+00 1.937951e-02 4.727104e+00 9.434828e+00
6.274475e+00 5.524721e+00 4.774967e+00 4.025213e+00
1.464613e+01 1.123916e+01 7.832198e+00 4.425232e+00
2.006482e+01 1.395526e+01 7.845693e+00 1.736127e+00
2.032541e+00 2.153531e-01 -1.601835e+00 -3.419023e+00
-9.035942e+00 -7.512434e+00 -5.988927e+00 -4.465419e+00
2.731495e+00 2.023732e+00 1.315970e+00 6.082071e-01
-3.479310e+00 -1.408793e+00 6.617232e-01 2.732240e+00
-8.091479e+00 -4.515285e+00 -9.390903e-01 2.637104e+00
-1.470696e+00 -3.575932e+00 -5.681168e+00 -7.786404e+00
-5.897037e+00 -9.344553e+00 -1.279207e+01 -1.623958e+01
8.661072e+00 -8.587755e-02 -8.832827e+00 -1.757978e+01
4.768432e+00 1.210639e+00 -2.347154e+00 -5.904947e+00
-1.058701e+01 -1.199241e+01 -1.339781e+01 -1.480322e+01
-1.143379e+01 -9.569996e+00 -7.706204e+00 -5.842412e+00
-1.543035e+01 -1.225763e+01 -9.084898e+00 -5.912171e+00
-1.639088e+01 -1.537694e+01 -1.436300e+01 -1.334906e+01
-1.481103e+01 -1.391431e+01 -1.301759e+01 -1.212087e+01
-1.229985e+01 -9.526673e+00 -6.753494e+00 -3.980315e+00
-3.389848e-01 2.303369e+00 4.945723e+00 7.588076e+00
3.257616e+00 4.753250e+00 6.248885e+00 7.744520e+00
4.628629e+00 5.715111e+00 6.801592e+00 7.888074e+00
3.894707e+00 6.478112e+00 9.061517e+00 1.164492e+01
3.192228e+00 3.139645e+00 3.087061e+00 3.034478e+00
7.204082e+00 5.467296e+00 3.730510e+00 1.993724e+00
4.906507e+00 5.440501e+00 5.974494e+00 6.508488e+00
1.198489e+00 2.556708e+00 3.914927e+00 5.273146e+00
5.987029e+00 4.252290e+00 2.517550e+00 7.828110e-01
7.465949e+00 5.412719e+00 3.359488e+00 1.306257e+00
9.424488e+00 8.502225e+00 7.579962e+00 6.657699e+00
7.332785e+00 8.506797e+00 9.680808e+00 1.085482e+01
8.126165e+00 9.206332e+00 1.028650e+01 1.136667e+01
7.361370e-01 2.790076e+00 4.844016e+00 6.897955e+00
4.136706e+00 4.176443e+00 4.216179e+00 4.255915e+00
7.535166e+00 6.019497e+00 4.503827e+00 2.988158e+00
-8.742087e+00 -1.861543e+00 5.019000e+00 1.189954e+01
-1.281575e+01 -5.586289e+00 1.643173e+00 8.872636e+00
1.621572e+00 3.918203e+00 6.214834e+00 8.511466e+00
6.231147e+00 5.373226e+00 4.515305e+00 3.657384e+00
6.179314e+00 4.099269e+00 2.019224e+00 -6.082094e-02
6.484233e+00 5.114967e+00 3.745702e+00 2.376436e+00
3.892143e+00 4.632089e+00 5.372034e+00 6.111979e+00
-1.237834e+01 -6.557340e+00 -7.363360e-01 5.084668e+00
-7.489989e+00 -1.992298e+00 3.505394e+00 9.003086e+00
-2.807120e+00 1.134246e+00 5.075612e+00 9.016978e+00
9.350965e-01 -4.160952e-01 -1.767287e+00 -3.118479e+00
-2.185834e+00 -3.847683e+00 -5.509533e+00 -7.171382e+00
4.003688e+00 -2.016332e+00 -8.036352e+00 -1.405637e+01
6.444657e+00 1.336604e+00 -3.771450e+00 -8.879503e+00
-2.124808e+00 -9.989102e-01 1.269876e-01 1.252885e+00
-6.577010e+00 -2.323641e+00 1.929727e+00 6.183095e+00
-4.621828e+00 -8.736924e-01 2.874443e+00 6.622578e+00
-3.070546e+00 1.516451e+00 6.103448e+00 1.069044e+01
5.640840e+00 3.622061e+00 1.603282e+00 -4.154968e-01
5.258910e+00 1.688321e+00 -1.882268e+00 -5.452856e+00
1.063369e+01 6.997551e+00 3.361408e+00 -2.747342e-01
1.553417e+01 1.039505e+01 5.255933e+00 1.168124e-01
1.470296e+00 2.598108e+00 3.725920e+00 4.853731e+00
1.259016e-01 -1.602120e+00 -3.330142e+00 -5.058164e+00
2.206668e+00 -3.322434e+00 -8.851535e+00 -1.438064e+01
2.425565e+00 -2.032060e+00 -6.489685e+00 -1.094731e+01
1.191794e+01 4.101198e+00 -3.715543e+00 -1.153228e+01
1.353316e+01 6.485572e+00 -5.620179e-01 -7.609608e+00
8.903793e+00 5.352213e+00 1.800632e+00 -1.750948e+00
1.874242e+00 -2.128327e-01 -2.299908e+00 -4.386982e+00
7.013595e+00 1.629339e+00 -3.754917e+00 -9.139174e+00
2.277083e+00 3.583831e+00 4.890579e+00 6.197328e+00
6.371677e+00 8.407761e+00 1.044385e+01 1.247993e+01
5.903596e+00 8.349517e+00 1.079544e+01 1.324136e+01
6.093626e+00 1.064895e+01 1.520427e+01 1.975960e+01
5.002915e+00 7.704815e+00 1.040671e+01 1.310861e+01
1.856386e+00 9.797134e-01 1.030411e-01 -7.736312e-01
-1.602311e+00 -4.666933e+00 -7.731554e+00 -1.079618e+01
-5.453273e+00 -4.697282e+00 -3.941291e+00 -3.185300e+00
2.151297e+00 -3.224403e-01 -2.796177e+00 -5.269914e+00
6.206765e+00 2.754802e+00 -6.971614e-01 -4.149124e+00
5.094813e+00 3.882179e+00 2.669545e+00 1.456911e+00
2.838349e+00 3.098101e+00 3.357852e+00 3.617603e+00
8.054753e+00 4.931716e+00 1.808679e+00 -1.314358e+00
7.801367e+00 6.007459e+00 4.213551e+00 2.419644e+00
1.210853e+01 9.591672e+00 7.074814e+00 4.557956e+00
5.692135e+00 7.153974e+00 8.615813e+00 1.007765e+01
6.222926e-01 1.568225e+00 2.514157e+00 3.460089e+00
2.788657e+00 2.315194e+00 1.841731e+00 1.368268e+00
-5.979575e+00 -5.320004e+00 -4.660433e+00 -4.000862e+00
-9.244492e+00 -9.075711e+00 -8.906930e+00 -8.738149e+00
-1.247819e+01 -1.040979e+01 -8.341378e+00 -6.272970e+00
-1.494881e+01 -8.436260e+00 -1.923706e+00 4.588848e+00
-6.545756e+00 -4.719730e+00 -2.893704e+00 -1.067677e+00
-5.761424e+00 -5.190378e+00 -4.619331e+00 -4.048284e+00
-4.098012e+00 -2.644680e+00 -1.191349e+00 2.619823e-01
4.424656e+00 2.719148e+00 1.013641e+00 -6.918668e-01
6.980903e+00 4.958239e+00 2.935575e+00 9.129116e-01
-3.396241e+00 -2.025992e+00 -6.557437e-01 7.145049e-01
-1.872011e+00 3.408080e-02 1.940173e+00 3.846264e+00
1.983481e+00 1.946297e+00 1.909113e+00 1.871929e+00
-2.637207e+00 -2.751047e-01 2.086998e+00 4.449101e+00
9.074952e+00 5.834182e+00 2.593413e+00 -6.473569e-01
8.365264e+00 5.290203e+00 2.215142e+00 -8.599191e-01
3.210398e+00 1.501811e+00 -2.067747e-01 -1.915361e+00
1.080748e+01 7.085028e+00 3.362575e+00 -3.598782e-01
6.842999e+00 6.273164e+00 5.703328e+00 5.133492e+00
1.082698e+01 8.453570e+00 6.080156e+00 3.706741e+00
3.231159e+00 4.065148e+00 4.899138e+00 5.733128e+00
8.253709e+00 6.379339e+00 4.504970e+00 2.630601e+00
9.358292e+00 5.069747e+00 7.812015e-01 -3.507344e+00
5.986862e+00 2.460151e+00 -1.066560e+00 -4.593271e+00
6.546899e+00 1.607421e+00 -3.332056e+00 -8.271534e+00
8.581549e+00 4.471562e+00 3.615748e-01 -3.748412e+00
1.514924e+01 9.545050e+00 3.940855e+00 -1.663340e+00
1.250119e+01 7.896580e+00 3.291974e+00 -1.312632e+00
1.773290e+01 1.260426e+01 7.475624e+00 2.346987e+00
1.155782e+01 8.626213e+00 5.694610e+00 2.763007e+00
1.507390e+01 8.579238e+00 2.084574e+00 -4.410091e+00
8.824946e+00 5.256214e+00 1.687482e+00 -1.881250e+00
5.267115e+00 3.517934e+00 1.768753e+00 1.957219e-02
8.360388e+00 5.285378e+00 2.210369e+00 -8.646404e-01
8.954823e+00 6.847670e+00 4.740516e+00 2.633363e+00
6.601328e+00 6.566324e+00 6.531320e+00 6.496316e+00
4.894957e+00 4.706308e+00 4.517658e+00 4.329009e+00
-1.396759e+00 3.196051e+00 7.788860e+00 1.238167e+01
8.506268e-01 6.305077e+00 1.175953e+01 1.721398e+01
6.772442e-01 4.091484e+00 7.505723e+00 1.091996e+01
6.142972e+00 5.812135e+00 5.481298e+00 5.150462e+00
1.337830e+01 9.261624e+00 5.144945e+00 1.028267e+00
8.841663e+00 6.761452e+00 4.681241e+00 2.601030e+00
3.132305e+00 4.979761e+00 6.827217e+00 8.674673e+00
-8.823859e-01 -1.426028e-01 5.971804e-01 1.336964e+00
1.145390e+00 7.354586e-01 3.255270e-01 -8.440464e-02
1.421690e+00 3.025593e+00 4.629496e+00 6.233398e+00
2.477952e+00 3.790791e+00 5.103629e+00 6.416468e+00
7.928568e+00 6.137374e+00 4.346180e+00 2.554986e+00
4.116980e+00 4.238366e+00 4.359752e+00 4.481138e+00
1.049570e+01 5.254318e+00 1.293558e-02 -5.228447e+00
9.599629e+00 8.202235e+00 6.804840e+00 5.407446e+00
8.701284e+00 6.973649e+00 5.246014e+00 3.518378e+00
-1.990114e+00 -4.605630e+00 -7.221145e+00 -9.836661e+00
-4.108566e+00 -2.013936e+00 8.069356e-02 2.175324e+00
6.089783e+00 7.217292e+00 8.344800e+00 9.472309e+00
7.984131e+00 1.070182e+01 1.341952e+01 1.613721e+01
1.264741e+01 1.397605e+01 1.530470e+01 1.663335e+01
9.474800e+00 9.646653e+00 9.818507e+00 9.990360e+00
1.249416e+01 9.509828e+00 6.525498e+00 3.541168e+00
6.368801e+00 4.921978e+00 3.475154e+00 2.028331e+00
3.232317e+00 2.571829e+00 1.911341e+00 1.250853e+00
-4.214723e+00 -2.448021e+00 -6.813197e-01 1.085382e+00
-1.320762e+01 -9.267648e+00 -5.327671e+00 -1.387693e+00
-6.352436e+00 -6.975431e+00 -7.598426e+00 -8.221422e+00
-1.202328e+01 -9.163317e+00 -6.303351e+00 -3.443384e+00
-1.364330e+01 -1.022873e+01 -6.814162e+00 -3.399596e+00
-9.060848e+00 -8.402865e+00 -7.744882e+00 -7.086899e+00
-8.044473e+00 -4.795901e+00 -1.547330e+00 1.701242e+00
4.212778e-01 2.302235e+00 4.183192e+00 6.064150e+00
3.940695e+00 5.223134e+00 6.505572e+00 7.788010e+00
-6.797656e+00 -3.929999e+00 -1.062342e+00 1.805315e+00
-6.986537e+00 -3.923281e+00 -8.600248e-01 2.203231e+00
-9.885755e+00 -5.476732e+00 -1.067708e+00 3.341315e+00
-5.201347e+00 -1.814135e+00 1.573076e+00 4.960288e+00
1.749663e+00 1.277908e+00 8.061531e-01 3.343982e-01
3.060955e+00 2.779597e+00 2.498238e+00 2.216879e+00
2.500994e+00 1.456567e+00 4.121413e-01 -6.322848e-01
-3.485111e+00 -1.119450e+00 1.246212e+00 3.611873e+00
-2.211407e+00 -7.732372e-01 6.649325e-01 2.103102e+00
-3.321707e+00 1.134803e+00 5.591313e+00 1.004782e+01
3.065559e+00 6.175040e+00 9.284521e+00 1.239400e+01
-2.432108e+00 2.277091e+00 6.986289e+00 1.169549e+01
-1.065516e+01 -5.228062e+00 1.990397e-01 5.626142e+00
-9.010228e+00 -6.736120e+00 -4.462011e+00 -2.187902e+00
-4.483582e+00 -4.907764e+00 -5.331946e+00 -5.756128e+00
-4.643643e+00 -5.132879e+00 -5.622116e+00 -6.111353e+00
-6.693524e+00 -4.276282e+00 -1.859040e+00 5.582018e-01
-5.453941e+00 -1.676344e+00 2.101253e+00 5.878851e+00
-1.009973e+01 -5.128348e+00 -1.569615e-01 4.814424e+00
-1.038519e+01 -6.727539e+00 -3.069891e+00 5.877575e-01
-1.083798e+01 -7.025020e+00 -3.212063e+00 6.008946e-01
-8.046562e+00 -4.107752e+00 -1.689412e-01 3.769869e+00
-1.189007e+01 -4.808013e+00 2.274040e+00 9.356093e+00
-1.146021e+01 -4.009604e+00 3.441006e+00 1.089162e+01
-1.211680e+01 -4.943275e+00 2.230247e+00 9.403769e+00
-6.768871e+00 -3.177911e+00 4.130484e-01 4.004008e+00
-5.644939e+00 -2.778174e+00 8.859193e-02 2.955358e+00
-1.203600e+00 -2.690510e-02 1.149790e+00 2.326485e+00
-1.403277e-01 4.662607e-01 1.072849e+00 1.679437e+00
-8.377501e+00 -3.113982e+00 2.149538e+00 7.413057e+00
-9.984152e+00 -6.973666e+00 -3.963179e+00 -9.526930e-01
-1.007664e+01 -9.210970e+00 -8.345302e+00 -7.479634e+00
-1.133621e+01 -8.077257e+00 -4.818300e+00 -1.559344e+00
-1.731460e+01 -1.287370e+01 -8.432801e+00 -3.991900e+00
-9.099723e+00 -1.113177e+01 -1.316382e+01 -1.519587e+01
-1.018601e+01 -8.659225e+00 -7.132444e+00 -5.605663e+00
0.000000e+00 -0.000000e+00 -0.000000e+00 0.000000e+00
