-1.349274e+04 -1.348588e+04 -1.348288e+04 -1.347976e+04
-1.345076e+04 -1.344982e+04 -1.344833e+04 -1.344569e+04
-1.340879e+04 -1.341375e+04 -1.341379e+04 -1.341162e+04
-1.336179e+04 -1.336636e+04 -1.337043e+04 -1.337258e+04
-1.332498e+04 -1.332375e+04 -1.332611e+04 -1.332896e+04
-1.329808e+04 -1.328899e+04 -1.327851e+04 -1.327781e+04
-1.325582e+04 -1.324734e+04 -1.323899e+04 -1.323552e+04
-1.320070e+04 -1.320362e+04 -1.320679e+04 -1.320742e+04
-1.316163e+04 -1.316776e+04 -1.317444e+04 -1.318080e+04
-1.313645e+04 -1.313850e+04 -1.314322e+04 -1.314648e+04
-1.310988e+04 -1.311295e+04 -1.311169e+04 -1.310925e+04
-1.307691e+04 -1.307668e+04 -1.307514e+04 -1.306946e+04
-1.303587e+04 -1.303301e+04 -1.303532e+04 -1.303351e+04
-1.299880e+04 -1.299815e+04 -1.300252e+04 -1.300686e+04
-1.296926e+04 -1.297065e+04 -1.297692e+04 -1.298313e+04
-1.293026e+04 -1.293378e+04 -1.293734e+04 -1.293871e+04
-1.288765e+04 -1.289260e+04 -1.289371e+04 -1.289145e+04
-1.285372e+04 -1.285657e+04 -1.285691e+04 -1.285661e+04
-1.282303e+04 -1.282005e+04 -1.281737e+04 -1.281783e+04
-1.278460e+04 -1.277950e+04 -1.277541e+04 -1.277532e+04
-1.274465e+04 -1.274282e+04 -1.274096e+04 -1.274159e+04
-1.271789e+04 -1.271542e+04 -1.271504e+04 -1.271513e+04
-1.268636e+04 -1.268579e+04 -1.268563e+04 -1.268354e+04
-1.265174e+04 -1.265404e+04 -1.265612e+04 -1.265622e+04
-1.262224e+04 -1.262079e+04 -1.262425e+04 -1.262840e+04
-1.259132e+04 -1.258920e+04 -1.259048e+04 -1.259289e+04
-1.256113e+04 -1.256281e+04 -1.255969e+04 -1.255896e+04
-1.252963e+04 -1.253515e+04 -1.253094e+04 -1.252821e+04
-1.249974e+04 -1.250266e+04 -1.250688e+04 -1.250442e+04
-1.247644e+04 -1.247632e+04 -1.248213e+04 -1.248171e+04
-1.244427e+04 -1.244241e+04 -1.244054e+04 -1.243973e+04
-1.240054e+04 -1.239530e+04 -1.239133e+04 -1.239226e+04
-1.236262e+04 -1.235841e+04 -1.235387e+04 -1.235371e+04
-1.232645e+04 -1.232817e+04 -1.232488e+04 -1.232504e+04
-1.229587e+04 -1.229696e+04 -1.229442e+04 -1.229507e+04
-1.226822e+04 -1.226878e+04 -1.226614e+04 -1.226572e+04
-1.224106e+04 -1.224427e+04 -1.224362e+04 -1.224146e+04
-1.221711e+04 -1.221626e+04 -1.221657e+04 -1.221131e+04
-1.219010e+04 -1.218511e+04 -1.218409e+04 -1.218324e+04
-1.214774e+04 -1.214746e+04 -1.214606e+04 -1.215157e+04
-1.210360e+04 -1.210360e+04 -1.210272e+04 -1.210816e+04
-1.205775e+04 -1.205635e+04 -1.205953e+04 -1.205919e+04
-1.200737e+04 -1.201159e+04 -1.201928e+04 -1.201998e+04
-1.196885e+04 -1.197266e+04 -1.197744e+04 -1.197732e+04
-1.193284e+04 -1.193513e+04 -1.193463e+04 -1.193210e+04
-1.189742e+04 -1.190017e+04 -1.189766e+04 -1.189706e+04
-1.186552e+04 -1.186315e+04 -1.186052e+04 -1.185915e+04
-1.182044e+04 -1.182034e+04 -1.181765e+04 -1.181613e+04
-1.177663e+04 -1.178042e+04 -1.177946e+04 -1.177860e+04
-1.174902e+04 -1.174697e+04 -1.174848e+04 -1.174899e+04
-1.171469e+04 -1.170986e+04 -1.171328e+04 -1.171536e+04
-1.167876e+04 -1.167830e+04 -1.167953e+04 -1.168116e+04
-1.164803e+04 -1.164773e+04 -1.164592e+04 -1.164877e+04
-1.161130e+04 -1.160885e+04 -1.161003e+04 -1.161200e+04
-1.156841e+04 -1.156786e+04 -1.157051e+04 -1.156945e+04
-1.152917e+04 -1.152854e+04 -1.152670e+04 -1.152573e+04
-1.149117e+04 -1.149264e+04 -1.148910e+04 -1.148790e+04
-1.145564e+04 -1.145790e+04 -1.145488e+04 -1.145261e+04
-1.142490e+04 -1.142462e+04 -1.142478e+04 -1.142445e+04
-1.139440e+04 -1.139291e+04 -1.139642e+04 -1.139586e+04
-1.136556e+04 -1.136590e+04 -1.136402e+04 -1.136054e+04
-1.133619e+04 -1.133688e+04 -1.133440e+04 -1.133287e+04
-1.129975e+04 -1.129662e+04 -1.129809e+04 -1.129898e+04
-1.125784e+04 -1.125471e+04 -1.125495e+04 -1.125583e+04
-1.121100e+04 -1.121516e+04 -1.121844e+04 -1.121768e+04
-1.117293e+04 -1.117884e+04 -1.118619e+04 -1.118719e+04
-1.114502e+04 -1.114501e+04 -1.114949e+04 -1.115201e+04
-1.111802e+04 -1.111326e+04 -1.111078e+04 -1.111238e+04
-1.108309e+04 -1.107857e+04 -1.107378e+04 -1.107201e+04
-1.103568e+04 -1.103645e+04 -1.103030e+04 -1.102514e+04
-1.098922e+04 -1.099349e+04 -1.098400e+04 -1.098225e+04
-1.094648e+04 -1.094243e+04 -1.093932e+04 -1.094197e+04
-1.090471e+04 -1.090072e+04 -1.090290e+04 -1.090403e+04
-1.086201e+04 -1.086708e+04 -1.087349e+04 -1.087719e+04
-1.083081e+04 -1.082961e+04 -1.083854e+04 -1.084521e+04
-1.080478e+04 -1.080114e+04 -1.080163e+04 -1.079963e+04
-1.077002e+04 -1.077166e+04 -1.076768e+04 -1.076143e+04
-1.073543e+04 -1.073766e+04 -1.073412e+04 -1.073041e+04
-1.070090e+04 -1.069840e+04 -1.069356e+04 -1.069115e+04
-1.065400e+04 -1.065285e+04 -1.064954e+04 -1.065041e+04
-1.060171e+04 -1.060684e+04 -1.060745e+04 -1.061244e+04
-1.055009e+04 -1.055663e+04 -1.056235e+04 -1.056747e+04
-1.050706e+04 -1.050734e+04 -1.051240e+04 -1.051034e+04
-1.047090e+04 -1.046538e+04 -1.046529e+04 -1.046264e+04
-1.043853e+04 -1.043335e+04 -1.042482e+04 -1.042157e+04
-1.040132e+04 -1.039730e+04 -1.038760e+04 -1.038282e+04
-1.035222e+04 -1.035028e+04 -1.035055e+04 -1.035297e+04
-1.030698e+04 -1.031112e+04 -1.031670e+04 -1.031889e+04
-1.026870e+04 -1.027621e+04 -1.028676e+04 -1.028607e+04
-1.024034e+04 -1.024258e+04 -1.025071e+04 -1.025537e+04
-1.021290e+04 -1.021244e+04 -1.021449e+04 -1.021856e+04
-1.017526e+04 -1.017604e+04 -1.018071e+04 -1.018121e+04
-1.012847e+04 -1.013441e+04 -1.013436e+04 -1.013224e+04
-1.008398e+04 -1.008548e+04 -1.007452e+04 -1.006884e+04
-1.003240e+04 -1.002575e+04 -1.002068e+04 -1.001909e+04
-9.971995e+03 -9.969013e+03 -9.971546e+03 -9.973176e+03
-9.925988e+03 -9.926470e+03 -9.930591e+03 -9.928406e+03
-9.885813e+03 -9.890775e+03 -9.892507e+03 -9.892750e+03
-9.843788e+03 -9.850005e+03 -9.847755e+03 -9.853657e+03
-9.807185e+03 -9.805037e+03 -9.801650e+03 -9.803294e+03
-9.770011e+03 -9.764774e+03 -9.757140e+03 -9.752923e+03
-9.713565e+03 -9.711809e+03 -9.714156e+03 -9.712572e+03
-9.660558e+03 -9.659938e+03 -9.668786e+03 -9.671818e+03
-9.626979e+03 -9.628968e+03 -9.629407e+03 -9.631835e+03
-9.596262e+03 -9.593265e+03 -9.585949e+03 -9.583722e+03
-9.557637e+03 -9.546201e+03 -9.536177e+03 -9.528006e+03
-9.497488e+03 -9.497168e+03 -9.491157e+03 -9.486209e+03
-9.440852e+03 -9.448703e+03 -9.449058e+03 -9.451583e+03
-9.404415e+03 -9.403151e+03 -9.405367e+03 -9.407939e+03
-9.360331e+03 -9.359175e+03 -9.363599e+03 -9.366833e+03
-9.311252e+03 -9.313203e+03 -9.317203e+03 -9.320083e+03
-9.269195e+03 -9.269235e+03 -9.270916e+03 -9.271886e+03
-9.236165e+03 -9.234458e+03 -9.237951e+03 -9.243234e+03
-9.206973e+03 -9.206088e+03 -9.208943e+03 -9.213809e+03
-9.167508e+03 -9.165075e+03 -9.165412e+03 -9.164254e+03
-9.113604e+03 -9.113674e+03 -9.113601e+03 -9.108536e+03
-9.058727e+03 -9.064913e+03 -9.066820e+03 -9.062553e+03
-9.026009e+03 -9.028199e+03 -9.028181e+03 -9.026600e+03
-9.006803e+03 -9.002345e+03 -8.999007e+03 -9.001726e+03
-8.974927e+03 -8.970802e+03 -8.963991e+03 -8.965269e+03
-8.924519e+03 -8.924348e+03 -8.918290e+03 -8.915823e+03
-8.868151e+03 -8.869707e+03 -8.873928e+03 -8.873761e+03
-8.821489e+03 -8.826911e+03 -8.835403e+03 -8.832185e+03
-8.787099e+03 -8.792560e+03 -8.795741e+03 -8.795853e+03
-8.751238e+03 -8.749269e+03 -8.747142e+03 -8.754409e+03
-8.714566e+03 -8.710491e+03 -8.703787e+03 -8.702427e+03
-8.678223e+03 -8.679856e+03 -8.678131e+03 -8.673601e+03
-8.644398e+03 -8.645497e+03 -8.654022e+03 -8.656000e+03
-8.615857e+03 -8.615913e+03 -8.625684e+03 -8.629674e+03
-8.587864e+03 -8.590381e+03 -8.590517e+03 -8.589191e+03
-8.547933e+03 -8.547082e+03 -8.539031e+03 -8.534502e+03
-8.489956e+03 -8.488537e+03 -8.482187e+03 -8.481230e+03
-8.436171e+03 -8.439124e+03 -8.437524e+03 -8.438547e+03
-8.390433e+03 -8.391260e+03 -8.393250e+03 -8.396003e+03
-8.342341e+03 -8.343432e+03 -8.345745e+03 -8.346897e+03
-8.306204e+03 -8.307436e+03 -8.307130e+03 -8.304254e+03
-8.281558e+03 -8.278951e+03 -8.276282e+03 -8.272538e+03
-8.240310e+03 -8.238434e+03 -8.237511e+03 -8.237834e+03
-8.187099e+03 -8.185205e+03 -8.189866e+03 -8.190074e+03
-8.131774e+03 -8.132994e+03 -8.134703e+03 -8.133336e+03
-8.075033e+03 -8.074023e+03 -8.071148e+03 -8.075277e+03
-8.023629e+03 -8.023318e+03 -8.020133e+03 -8.019498e+03
-7.977221e+03 -7.979602e+03 -7.980482e+03 -7.978112e+03
-7.939260e+03 -7.938975e+03 -7.942111e+03 -7.943991e+03
-7.904050e+03 -7.902683e+03 -7.904414e+03 -7.907464e+03
-7.864437e+03 -7.863132e+03 -7.866670e+03 -7.868507e+03
-7.823672e+03 -7.826688e+03 -7.830289e+03 -7.828065e+03
-7.782275e+03 -7.785186e+03 -7.781134e+03 -7.779351e+03
-7.733402e+03 -7.731511e+03 -7.721181e+03 -7.721995e+03
-7.681975e+03 -7.679123e+03 -7.674377e+03 -7.680568e+03
-7.639019e+03 -7.637723e+03 -7.635298e+03 -7.634170e+03
-7.595290e+03 -7.593176e+03 -7.594458e+03 -7.588697e+03
-7.544712e+03 -7.544724e+03 -7.553174e+03 -7.555443e+03
-7.502570e+03 -7.506511e+03 -7.511130e+03 -7.512665e+03
-7.475173e+03 -7.475730e+03 -7.471868e+03 -7.471068e+03
-7.450296e+03 -7.445201e+03 -7.440815e+03 -7.441591e+03
-7.405623e+03 -7.406054e+03 -7.404943e+03 -7.403767e+03
-7.348304e+03 -7.351815e+03 -7.349549e+03 -7.350726e+03
-7.285423e+03 -7.282393e+03 -7.278778e+03 -7.279418e+03
-7.224538e+03 -7.219773e+03 -7.218421e+03 -7.213596e+03
-7.171384e+03 -7.168979e+03 -7.172200e+03 -7.173879e+03
-7.107929e+03 -7.111103e+03 -7.112565e+03 -7.113006e+03
-7.055455e+03 -7.056335e+03 -7.057636e+03 -7.051583e+03
-7.002787e+03 -7.001910e+03 -7.009747e+03 -7.010282e+03
-6.943349e+03 -6.945610e+03 -6.949774e+03 -6.954235e+03
-6.899199e+03 -6.899820e+03 -6.902801e+03 -6.905844e+03
-6.855931e+03 -6.857403e+03 -6.863971e+03 -6.866913e+03
-6.811398e+03 -6.811935e+03 -6.810190e+03 -6.807746e+03
-6.747954e+03 -6.750601e+03 -6.745140e+03 -6.744273e+03
-6.689643e+03 -6.690836e+03 -6.688762e+03 -6.691239e+03
-6.652112e+03 -6.648137e+03 -6.648532e+03 -6.645275e+03
-6.597989e+03 -6.600311e+03 -6.601380e+03 -6.598685e+03
-6.549800e+03 -6.551721e+03 -6.550312e+03 -6.551812e+03
-6.510877e+03 -6.508267e+03 -6.509028e+03 -6.511839e+03
-6.463851e+03 -6.465193e+03 -6.466005e+03 -6.465999e+03
-6.409067e+03 -6.411040e+03 -6.410525e+03 -6.414695e+03
-6.346571e+03 -6.349000e+03 -6.349234e+03 -6.348757e+03
-6.291529e+03 -6.290286e+03 -6.287703e+03 -6.280559e+03
-6.227419e+03 -6.223553e+03 -6.223757e+03 -6.228621e+03
-6.155482e+03 -6.157694e+03 -6.161093e+03 -6.163789e+03
-6.096374e+03 -6.104036e+03 -6.108214e+03 -6.101217e+03
-6.038611e+03 -6.044185e+03 -6.049870e+03 -6.051019e+03
-5.984377e+03 -5.981322e+03 -5.982190e+03 -5.985201e+03
-5.940719e+03 -5.932063e+03 -5.926213e+03 -5.922485e+03
-5.885525e+03 -5.881389e+03 -5.874149e+03 -5.872352e+03
-5.819207e+03 -5.820556e+03 -5.822079e+03 -5.826544e+03
-5.760163e+03 -5.764733e+03 -5.769529e+03 -5.775581e+03
-5.717994e+03 -5.719234e+03 -5.718656e+03 -5.716606e+03
-5.683350e+03 -5.676397e+03 -5.670310e+03 -5.664450e+03
-5.635085e+03 -5.629733e+03 -5.621758e+03 -5.617613e+03
-5.580307e+03 -5.575040e+03 -5.570736e+03 -5.569500e+03
-5.516078e+03 -5.518501e+03 -5.518011e+03 -5.519604e+03
-5.453897e+03 -5.465575e+03 -5.468972e+03 -5.466910e+03
-5.410407e+03 -5.414146e+03 -5.418753e+03 -5.418204e+03
-5.375846e+03 -5.369975e+03 -5.369527e+03 -5.370133e+03
-5.324841e+03 -5.317297e+03 -5.315304e+03 -5.319126e+03
-5.261339e+03 -5.265559e+03 -5.263207e+03 -5.264745e+03
-5.205350e+03 -5.209863e+03 -5.207263e+03 -5.201610e+03
-5.146343e+03 -5.139047e+03 -5.141559e+03 -5.142634e+03
-5.088843e+03 -5.083685e+03 -5.088123e+03 -5.093201e+03
-5.027558e+03 -5.036143e+03 -5.041265e+03 -5.043729e+03
-4.966261e+03 -4.976938e+03 -4.975212e+03 -4.973034e+03
-4.909302e+03 -4.907847e+03 -4.904969e+03 -4.902841e+03
-4.843575e+03 -4.841461e+03 -4.846301e+03 -4.847927e+03
-4.779940e+03 -4.781382e+03 -4.782673e+03 -4.784218e+03
-4.718861e+03 -4.720855e+03 -4.721838e+03 -4.722444e+03
-4.660556e+03 -4.661679e+03 -4.671634e+03 -4.672743e+03
-4.606734e+03 -4.602417e+03 -4.607149e+03 -4.606528e+03
-4.548587e+03 -4.539509e+03 -4.533135e+03 -4.534584e+03
-4.480025e+03 -4.477484e+03 -4.474467e+03 -4.477308e+03
-4.408516e+03 -4.411032e+03 -4.410148e+03 -4.406296e+03
-4.334901e+03 -4.337313e+03 -4.332469e+03 -4.332833e+03
-4.265130e+03 -4.270615e+03 -4.267855e+03 -4.272645e+03
-4.192962e+03 -4.197332e+03 -4.201355e+03 -4.199796e+03
-4.111990e+03 -4.111132e+03 -4.114629e+03 -4.111807e+03
-4.037543e+03 -4.034104e+03 -4.025324e+03 -4.022905e+03
-3.965747e+03 -3.964157e+03 -3.960488e+03 -3.958635e+03
-3.888883e+03 -3.891558e+03 -3.898295e+03 -3.900481e+03
-3.823962e+03 -3.826019e+03 -3.826908e+03 -3.828887e+03
-3.761496e+03 -3.757866e+03 -3.755896e+03 -3.757152e+03
-3.699975e+03 -3.695502e+03 -3.683802e+03 -3.680256e+03
-3.627768e+03 -3.623826e+03 -3.614146e+03 -3.609977e+03
-3.521051e+03 -3.518201e+03 -3.519025e+03 -3.520349e+03
-3.419325e+03 -3.416727e+03 -3.421943e+03 -3.417643e+03
-3.325259e+03 -3.325878e+03 -3.334499e+03 -3.337178e+03
-3.240162e+03 -3.243219e+03 -3.244038e+03 -3.249723e+03
-3.155557e+03 -3.154695e+03 -3.152209e+03 -3.150038e+03
-3.059296e+03 -3.056888e+03 -3.050019e+03 -3.045976e+03
-2.950741e+03 -2.953859e+03 -2.950764e+03 -2.948901e+03
-2.855129e+03 -2.859668e+03 -2.859960e+03 -2.858214e+03
-2.769064e+03 -2.768574e+03 -2.772175e+03 -2.770685e+03
-2.677829e+03 -2.675291e+03 -2.683232e+03 -2.686904e+03
-2.593352e+03 -2.590449e+03 -2.592410e+03 -2.597490e+03
-2.495451e+03 -2.493639e+03 -2.497314e+03 -2.495948e+03
-2.388251e+03 -2.392710e+03 -2.399802e+03 -2.398269e+03
-2.289482e+03 -2.298108e+03 -2.302099e+03 -2.308435e+03
-2.206981e+03 -2.210946e+03 -2.202911e+03 -2.203729e+03
-2.127103e+03 -2.122664e+03 -2.115915e+03 -2.117043e+03
-2.040984e+03 -2.037502e+03 -2.038136e+03 -2.039809e+03
-1.961260e+03 -1.960676e+03 -1.959260e+03 -1.959475e+03
-1.875859e+03 -1.881489e+03 -1.886153e+03 -1.889267e+03
-1.785450e+03 -1.796065e+03 -1.802780e+03 -1.807340e+03
-1.708898e+03 -1.707236e+03 -1.711794e+03 -1.715871e+03
-1.626753e+03 -1.618646e+03 -1.619041e+03 -1.608018e+03
-1.538753e+03 -1.535038e+03 -1.520894e+03 -1.503986e+03
-1.428548e+03 -1.429782e+03 -1.419527e+03 -1.417772e+03
-1.312079e+03 -1.314542e+03 -1.319388e+03 -1.323421e+03
-1.222289e+03 -1.217636e+03 -1.218640e+03 -1.211889e+03
-1.128358e+03 -1.124118e+03 -1.115544e+03 -1.109479e+03
-1.018541e+03 -1.021317e+03 -1.016317e+03 -1.019414e+03
-9.123291e+02 -9.073426e+02 -9.086822e+02 -9.162724e+02
-7.942134e+02 -7.936495e+02 -7.978149e+02 -8.044467e+02
-6.831096e+02 -6.916069e+02 -7.019600e+02 -6.982111e+02
-6.120154e+02 -6.146128e+02 -6.204070e+02 -6.151951e+02
-5.320929e+02 -5.312048e+02 -5.262717e+02 -5.246067e+02
-4.250966e+02 -4.253200e+02 -4.185426e+02 -4.195564e+02
-3.140090e+02 -3.142343e+02 -3.163820e+02 -3.217069e+02
-1.927985e+02 -1.940559e+02 -1.999210e+02 -2.046006e+02
-7.941970e+01 -7.638582e+01 -7.357322e+01 -7.283784e+01
2.137997e+01 2.756872e+01 3.063663e+01 3.717507e+01
1.199009e+02 1.236948e+02 1.247055e+02 1.313583e+02
2.280855e+02 2.309873e+02 2.278458e+02 2.227443e+02
3.467811e+02 3.455432e+02 3.419412e+02 3.305486e+02
4.645889e+02 4.617872e+02 4.634499e+02 4.568295e+02
6.000198e+02 5.926616e+02 5.876473e+02 5.885342e+02
7.204381e+02 7.104484e+02 7.088258e+02 7.184677e+02
8.215557e+02 8.234862e+02 8.352224e+02 8.440115e+02
9.391423e+02 9.512864e+02 9.563346e+02 9.562557e+02
1.069090e+03 1.076213e+03 1.071388e+03 1.067774e+03
1.203899e+03 1.200136e+03 1.197270e+03 1.197936e+03
1.337149e+03 1.335329e+03 1.333268e+03 1.329475e+03
1.450761e+03 1.452307e+03 1.454324e+03 1.449696e+03
1.563923e+03 1.561727e+03 1.560658e+03 1.564002e+03
1.692420e+03 1.688425e+03 1.678814e+03 1.680138e+03
1.810586e+03 1.814802e+03 1.816990e+03 1.820203e+03
1.939811e+03 1.950323e+03 1.958779e+03 1.960229e+03
2.074928e+03 2.075650e+03 2.079049e+03 2.074243e+03
2.208228e+03 2.203120e+03 2.195649e+03 2.192303e+03
2.332598e+03 2.325078e+03 2.314396e+03 2.310897e+03
2.426244e+03 2.419357e+03 2.418621e+03 2.417300e+03
2.509124e+03 2.509480e+03 2.511073e+03 2.511664e+03
2.605588e+03 2.607159e+03 2.615450e+03 2.615322e+03
2.712903e+03 2.708688e+03 2.713367e+03 2.715455e+03
2.819722e+03 2.816291e+03 2.812532e+03 2.815175e+03
2.924668e+03 2.925150e+03 2.921987e+03 2.922684e+03
3.004901e+03 3.010185e+03 3.008015e+03 3.007369e+03
3.080101e+03 3.084833e+03 3.085265e+03 3.088035e+03
3.173096e+03 3.171250e+03 3.172966e+03 3.178714e+03
3.268521e+03 3.264973e+03 3.265528e+03 3.259712e+03
3.349498e+03 3.345057e+03 3.342221e+03 3.335355e+03
3.414435e+03 3.417346e+03 3.418040e+03 3.424735e+03
3.494869e+03 3.499195e+03 3.508218e+03 3.511761e+03
3.594427e+03 3.589718e+03 3.585508e+03 3.579862e+03
3.676395e+03 3.671981e+03 3.655443e+03 3.654077e+03
3.736944e+03 3.738484e+03 3.734009e+03 3.736136e+03
3.811244e+03 3.816231e+03 3.819953e+03 3.823043e+03
3.887217e+03 3.891367e+03 3.899524e+03 3.904769e+03
3.959748e+03 3.962854e+03 3.974641e+03 3.971270e+03
4.040154e+03 4.040206e+03 4.042153e+03 4.034282e+03
4.101486e+03 4.100814e+03 4.096865e+03 4.095658e+03
4.151340e+03 4.153937e+03 4.159984e+03 4.166701e+03
4.226709e+03 4.230194e+03 4.230760e+03 4.233602e+03
4.310624e+03 4.314172e+03 4.310747e+03 4.309263e+03
4.386141e+03 4.385272e+03 4.382226e+03 4.380612e+03
4.457394e+03 4.451567e+03 4.450583e+03 4.447894e+03
4.528538e+03 4.522527e+03 4.526609e+03 4.527233e+03
4.598949e+03 4.594313e+03 4.587219e+03 4.590126e+03
4.656745e+03 4.660159e+03 4.655030e+03 4.652179e+03
4.717108e+03 4.721394e+03 4.727950e+03 4.723812e+03
4.795128e+03 4.790589e+03 4.793020e+03 4.796153e+03
4.872951e+03 4.870729e+03 4.869150e+03 4.868185e+03
4.934181e+03 4.937305e+03 4.942399e+03 4.938693e+03
5.004648e+03 5.005858e+03 5.008639e+03 5.007747e+03
5.082353e+03 5.081346e+03 5.078599e+03 5.079481e+03
5.146919e+03 5.146781e+03 5.145637e+03 5.148906e+03
5.198297e+03 5.199943e+03 5.204398e+03 5.209932e+03
5.254637e+03 5.254731e+03 5.256684e+03 5.256581e+03
5.319470e+03 5.316989e+03 5.310521e+03 5.305846e+03
5.367063e+03 5.367138e+03 5.362540e+03 5.360691e+03
5.411335e+03 5.418007e+03 5.423216e+03 5.424646e+03
5.467169e+03 5.475471e+03 5.477755e+03 5.478844e+03
5.534462e+03 5.530837e+03 5.525547e+03 5.530028e+03
5.601593e+03 5.595900e+03 5.597985e+03 5.599187e+03
5.655510e+03 5.660098e+03 5.666729e+03 5.663203e+03
5.700360e+03 5.706513e+03 5.708791e+03 5.709584e+03
5.762737e+03 5.759306e+03 5.751714e+03 5.749872e+03
5.831037e+03 5.821868e+03 5.809569e+03 5.808033e+03
5.870607e+03 5.871426e+03 5.872416e+03 5.874344e+03
5.923949e+03 5.923721e+03 5.930053e+03 5.930372e+03
5.984598e+03 5.977644e+03 5.978059e+03 5.975389e+03
6.031758e+03 6.031368e+03 6.029591e+03 6.025025e+03
6.090122e+03 6.094282e+03 6.085293e+03 6.082429e+03
6.154350e+03 6.160423e+03 6.157840e+03 6.157272e+03
6.230575e+03 6.231648e+03 6.241131e+03 6.242093e+03
6.313809e+03 6.305253e+03 6.301902e+03 6.300688e+03
6.370080e+03 6.364218e+03 6.359299e+03 6.358859e+03
6.413009e+03 6.409695e+03 6.412744e+03 6.414007e+03
6.465712e+03 6.463133e+03 6.459905e+03 6.456476e+03
6.531027e+03 6.533923e+03 6.529371e+03 6.529990e+03
6.589153e+03 6.594072e+03 6.595003e+03 6.601682e+03
6.630408e+03 6.637128e+03 6.646626e+03 6.655092e+03
6.689290e+03 6.694957e+03 6.703570e+03 6.707960e+03
6.755747e+03 6.755891e+03 6.759158e+03 6.757747e+03
6.800829e+03 6.799824e+03 6.802554e+03 6.802637e+03
6.843767e+03 6.843131e+03 6.841191e+03 6.839416e+03
6.890754e+03 6.892621e+03 6.889743e+03 6.887290e+03
6.939151e+03 6.940387e+03 6.941452e+03 6.943275e+03
6.992257e+03 6.991182e+03 6.989347e+03 6.991367e+03
7.050055e+03 7.050689e+03 7.048866e+03 7.047232e+03
7.116423e+03 7.117763e+03 7.119279e+03 7.117208e+03
7.173537e+03 7.174831e+03 7.177787e+03 7.179894e+03
7.220112e+03 7.219484e+03 7.223206e+03 7.225805e+03
7.268443e+03 7.265993e+03 7.269147e+03 7.268700e+03
7.316927e+03 7.315062e+03 7.311210e+03 7.310225e+03
7.360956e+03 7.360075e+03 7.355926e+03 7.354005e+03
7.408278e+03 7.409492e+03 7.411508e+03 7.409152e+03
7.465243e+03 7.461133e+03 7.459205e+03 7.461936e+03
7.518265e+03 7.511575e+03 7.506659e+03 7.508714e+03
7.556047e+03 7.560304e+03 7.561826e+03 7.561499e+03
7.600129e+03 7.606667e+03 7.611088e+03 7.609539e+03
7.654421e+03 7.656257e+03 7.654602e+03 7.652062e+03
7.697420e+03 7.697583e+03 7.697162e+03 7.696814e+03
7.738520e+03 7.736856e+03 7.739053e+03 7.740209e+03
7.791955e+03 7.786090e+03 7.780283e+03 7.781608e+03
7.830724e+03 7.826896e+03 7.824100e+03 7.825030e+03
7.865079e+03 7.866615e+03 7.872770e+03 7.872427e+03
7.915895e+03 7.917234e+03 7.917472e+03 7.911961e+03
7.959372e+03 7.960029e+03 7.954390e+03 7.949444e+03
7.993138e+03 7.995987e+03 7.991538e+03 7.989718e+03
8.031411e+03 8.034044e+03 8.036596e+03 8.035783e+03
8.082926e+03 8.078829e+03 8.083944e+03 8.086993e+03
8.129753e+03 8.124059e+03 8.126092e+03 8.129760e+03
8.173853e+03 8.173128e+03 8.173979e+03 8.175876e+03
8.216532e+03 8.219342e+03 8.220372e+03 8.223516e+03
8.255586e+03 8.261298e+03 8.260082e+03 8.260027e+03
8.303236e+03 8.306649e+03 8.303408e+03 8.298663e+03
8.345103e+03 8.346511e+03 8.348478e+03 8.348269e+03
8.383387e+03 8.386489e+03 8.392093e+03 8.393627e+03
8.440283e+03 8.437752e+03 8.435884e+03 8.438116e+03
8.499695e+03 8.496545e+03 8.487698e+03 8.487959e+03
8.545416e+03 8.545694e+03 8.539496e+03 8.533117e+03
8.590529e+03 8.590334e+03 8.590099e+03 8.587175e+03
8.637319e+03 8.640220e+03 8.644743e+03 8.645356e+03
8.689194e+03 8.691801e+03 8.697712e+03 8.697729e+03
8.744313e+03 8.743371e+03 8.745564e+03 8.748887e+03
8.790345e+03 8.787068e+03 8.783647e+03 8.785330e+03
8.833688e+03 8.831704e+03 8.829966e+03 8.826149e+03
8.884086e+03 8.883876e+03 8.887882e+03 8.891067e+03
8.923860e+03 8.924369e+03 8.930639e+03 8.938567e+03
8.961877e+03 8.962340e+03 8.966642e+03 8.968245e+03
9.007023e+03 9.005062e+03 9.009264e+03 9.009823e+03
9.047747e+03 9.046449e+03 9.047103e+03 9.046060e+03
9.093847e+03 9.091215e+03 9.084178e+03 9.076114e+03
9.140097e+03 9.137218e+03 9.127725e+03 9.119080e+03
9.184492e+03 9.184466e+03 9.178815e+03 9.180422e+03
9.221992e+03 9.224937e+03 9.226336e+03 9.229872e+03
9.256013e+03 9.258974e+03 9.263465e+03 9.262218e+03
9.293594e+03 9.295004e+03 9.297799e+03 9.300470e+03
9.336276e+03 9.336484e+03 9.336620e+03 9.340539e+03
9.380104e+03 9.380462e+03 9.381154e+03 9.379601e+03
9.421544e+03 9.420678e+03 9.424453e+03 9.421534e+03
9.457278e+03 9.456891e+03 9.461938e+03 9.462157e+03
9.493690e+03 9.494388e+03 9.494837e+03 9.498791e+03
9.538550e+03 9.537162e+03 9.530527e+03 9.532601e+03
9.572246e+03 9.572260e+03 9.567407e+03 9.565486e+03
9.608224e+03 9.603722e+03 9.601335e+03 9.596548e+03
9.655133e+03 9.649667e+03 9.643742e+03 9.638919e+03
9.694828e+03 9.693743e+03 9.689738e+03 9.690062e+03
9.736456e+03 9.736343e+03 9.737096e+03 9.743326e+03
9.785743e+03 9.787754e+03 9.791433e+03 9.793202e+03
9.829541e+03 9.830998e+03 9.832787e+03 9.828302e+03
9.866512e+03 9.867914e+03 9.868587e+03 9.869616e+03
9.896855e+03 9.901520e+03 9.904764e+03 9.907153e+03
9.930722e+03 9.933857e+03 9.938324e+03 9.937984e+03
9.977384e+03 9.975181e+03 9.972639e+03 9.973511e+03
1.001080e+04 1.000857e+04 1.000587e+04 1.000758e+04
1.003711e+04 1.003971e+04 1.004108e+04 1.004227e+04
1.007899e+04 1.007745e+04 1.007868e+04 1.007760e+04
1.011316e+04 1.011322e+04 1.011704e+04 1.011391e+04
1.015201e+04 1.015769e+04 1.015758e+04 1.015782e+04
1.020124e+04 1.020109e+04 1.019691e+04 1.019829e+04
1.023679e+04 1.023771e+04 1.023858e+04 1.023885e+04
1.028195e+04 1.028300e+04 1.028672e+04 1.028891e+04
1.032507e+04 1.032483e+04 1.032644e+04 1.032755e+04
1.035714e+04 1.035654e+04 1.035493e+04 1.035574e+04
1.038804e+04 1.038711e+04 1.038597e+04 1.038553e+04
1.042893e+04 1.042886e+04 1.042993e+04 1.042474e+04
1.047556e+04 1.047311e+04 1.047164e+04 1.046754e+04
1.051204e+04 1.051228e+04 1.050858e+04 1.050817e+04
1.054993e+04 1.055336e+04 1.055194e+04 1.055479e+04
1.058522e+04 1.058912e+04 1.059316e+04 1.059640e+04
1.063139e+04 1.063104e+04 1.063482e+04 1.063397e+04
1.067782e+04 1.067805e+04 1.068088e+04 1.068158e+04
1.071671e+04 1.071767e+04 1.071744e+04 1.072007e+04
1.075208e+04 1.075085e+04 1.074806e+04 1.074546e+04
1.078134e+04 1.077945e+04 1.077797e+04 1.077545e+04
1.081749e+04 1.081423e+04 1.081243e+04 1.081392e+04
1.084722e+04 1.084859e+04 1.084725e+04 1.084911e+04
1.088094e+04 1.088217e+04 1.088427e+04 1.088514e+04
1.093602e+04 1.093388e+04 1.093730e+04 1.093820e+04
1.098939e+04 1.098700e+04 1.098725e+04 1.098677e+04
1.102540e+04 1.102241e+04 1.102203e+04 1.102366e+04
1.105047e+04 1.104896e+04 1.105207e+04 1.105620e+04
1.108506e+04 1.108647e+04 1.108595e+04 1.108619e+04
1.112454e+04 1.112661e+04 1.112405e+04 1.112033e+04
1.115388e+04 1.115809e+04 1.115905e+04 1.115573e+04
1.119031e+04 1.119202e+04 1.119126e+04 1.119122e+04
1.123537e+04 1.123183e+04 1.123108e+04 1.123352e+04
1.127401e+04 1.127094e+04 1.126711e+04 1.126686e+04
1.129840e+04 1.129825e+04 1.129415e+04 1.129175e+04
1.131746e+04 1.131925e+04 1.132063e+04 1.132328e+04
1.135045e+04 1.135100e+04 1.135351e+04 1.135578e+04
1.139357e+04 1.139581e+04 1.139668e+04 1.139553e+04
1.143774e+04 1.143825e+04 1.143818e+04 1.143751e+04
1.147093e+04 1.147027e+04 1.147005e+04 1.146594e+04
1.150328e+04 1.150434e+04 1.150724e+04 1.150678e+04
1.154434e+04 1.154447e+04 1.154606e+04 1.154971e+04
1.158693e+04 1.158423e+04 1.157412e+04 1.157020e+04
1.162280e+04 1.161911e+04 1.161381e+04 1.161394e+04
1.164819e+04 1.164975e+04 1.166001e+04 1.166532e+04
1.168815e+04 1.168961e+04 1.170087e+04 1.170295e+04
1.173712e+04 1.173785e+04 1.174388e+04 1.174481e+04
1.178001e+04 1.178249e+04 1.177896e+04 1.177889e+04
1.181339e+04 1.181514e+04 1.180893e+04 1.180636e+04
1.184787e+04 1.184401e+04 1.184314e+04 1.183767e+04
1.189075e+04 1.188647e+04 1.188381e+04 1.188185e+04
1.193054e+04 1.193051e+04 1.192317e+04 1.192635e+04
1.196538e+04 1.196208e+04 1.195354e+04 1.195484e+04
1.199399e+04 1.199215e+04 1.198946e+04 1.198523e+04
1.202714e+04 1.202556e+04 1.202725e+04 1.202458e+04
1.206628e+04 1.206329e+04 1.206303e+04 1.206408e+04
1.210201e+04 1.210324e+04 1.210277e+04 1.210180e+04
1.213565e+04 1.213716e+04 1.214108e+04 1.214243e+04
1.216968e+04 1.217345e+04 1.218038e+04 1.218538e+04
1.220721e+04 1.221128e+04 1.221723e+04 1.221933e+04
1.225208e+04 1.224874e+04 1.224585e+04 1.224349e+04
1.229013e+04 1.228646e+04 1.228099e+04 1.227909e+04
1.232273e+04 1.232179e+04 1.232119e+04 1.232179e+04
1.235804e+04 1.235939e+04 1.236015e+04 1.236182e+04
1.238790e+04 1.239238e+04 1.239465e+04 1.239425e+04
1.241376e+04 1.241678e+04 1.241835e+04 1.241770e+04
1.244130e+04 1.244189e+04 1.244148e+04 1.244150e+04
1.247591e+04 1.247278e+04 1.247201e+04 1.247153e+04
1.250753e+04 1.250491e+04 1.250530e+04 1.250516e+04
1.253835e+04 1.253840e+04 1.254061e+04 1.254275e+04
1.257970e+04 1.258354e+04 1.258665e+04 1.259216e+04
1.263080e+04 1.263482e+04 1.263194e+04 1.263621e+04
1.268514e+04 1.268190e+04 1.267374e+04 1.267282e+04
1.272890e+04 1.272505e+04 1.271989e+04 1.271360e+04
1.276577e+04 1.276645e+04 1.276609e+04 1.276092e+04
1.280002e+04 1.280071e+04 1.280162e+04 1.279955e+04
1.282999e+04 1.282878e+04 1.283062e+04 1.283225e+04
1.286355e+04 1.286226e+04 1.286701e+04 1.286998e+04
1.290345e+04 1.290034e+04 1.290260e+04 1.290204e+04
1.293524e+04 1.293381e+04 1.293018e+04 1.292864e+04
1.295384e+04 1.295468e+04 1.295194e+04 1.295163e+04
1.297711e+04 1.297693e+04 1.297973e+04 1.297984e+04
1.301026e+04 1.300951e+04 1.301248e+04 1.301500e+04
1.304290e+04 1.304292e+04 1.304300e+04 1.304653e+04
1.307621e+04 1.307683e+04 1.307607e+04 1.307679e+04
1.310955e+04 1.311102e+04 1.311038e+04 1.310799e+04
1.313704e+04 1.313971e+04 1.313921e+04 1.313756e+04
1.316762e+04 1.316793e+04 1.317077e+04 1.316866e+04
1.320434e+04 1.320494e+04 1.320758e+04 1.320592e+04
1.323880e+04 1.323806e+04 1.323571e+04 1.323906e+04
1.327370e+04 1.327164e+04 1.326626e+04 1.326661e+04
1.330727e+04 1.330624e+04 1.330117e+04 1.329574e+04
1.333132e+04 1.333016e+04 1.333022e+04 1.332931e+04
1.335507e+04 1.335440e+04 1.335141e+04 1.335431e+04
1.338878e+04 1.339049e+04 1.338572e+04 1.338215e+04
1.343249e+04 1.343407e+04 1.343671e+04 1.343538e+04
1.346839e+04 1.347038e+04 1.347952e+04 1.348355e+04
1.350428e+04 1.350669e+04 1.352233e+04 1.353172e+04
