0.000000e+00 0.000000e+00 0.000000e+00 0.000000e+00
1.762344e+00 1.761782e+00 1.761291e+00 1.760979e+00
3.520317e+00 3.520069e+00 3.519681e+00 3.518990e+00
5.271676e+00 5.272411e+00 5.271931e+00 5.271052e+00
7.017348e+00 7.018295e+00 7.018973e+00 7.018844e+00
8.759072e+00 8.759486e+00 8.759624e+00 8.759491e+00
1.049771e+01 1.049627e+01 1.049421e+01 1.049390e+01
1.222837e+01 1.222656e+01 1.222452e+01 1.222348e+01
1.395258e+01 1.395191e+01 1.395067e+01 1.395053e+01
1.567301e+01 1.567281e+01 1.567251e+01 1.567314e+01
1.739063e+01 1.739050e+01 1.739050e+01 1.739120e+01
1.910412e+01 1.910472e+01 1.910409e+01 1.910407e+01
2.081310e+01 2.081291e+01 2.081251e+01 2.081173e+01
2.251585e+01 2.251570e+01 2.251568e+01 2.251519e+01
2.421513e+01 2.421477e+01 2.421551e+01 2.421587e+01
2.591015e+01 2.591036e+01 2.591198e+01 2.591312e+01
2.759923e+01 2.759979e+01 2.760146e+01 2.760217e+01
2.928309e+01 2.928460e+01 2.928650e+01 2.928705e+01
3.096329e+01 3.096459e+01 3.096635e+01 3.096698e+01
3.263911e+01 3.263985e+01 3.264105e+01 3.264172e+01
3.430926e+01 3.430923e+01 3.430992e+01 3.431053e+01
3.597462e+01 3.597488e+01 3.597560e+01 3.597643e+01
3.763777e+01 3.763709e+01 3.763768e+01 3.763831e+01
3.929488e+01 3.929499e+01 3.929567e+01 3.929595e+01
4.094896e+01 4.094889e+01 4.095002e+01 4.095068e+01
4.259836e+01 4.259809e+01 4.259967e+01 4.260104e+01
4.424435e+01 4.424372e+01 4.424519e+01 4.424648e+01
4.588584e+01 4.588601e+01 4.588678e+01 4.588795e+01
4.752359e+01 4.752440e+01 4.752477e+01 4.752535e+01
4.915726e+01 4.915819e+01 4.916006e+01 4.916060e+01
5.078891e+01 5.078969e+01 5.079158e+01 5.079204e+01
5.241416e+01 5.241460e+01 5.241598e+01 5.241631e+01
5.403436e+01 5.403377e+01 5.403462e+01 5.403533e+01
5.564969e+01 5.564903e+01 5.564922e+01 5.564950e+01
5.726042e+01 5.726028e+01 5.726028e+01 5.726102e+01
5.886775e+01 5.886737e+01 5.886690e+01 5.886735e+01
6.047125e+01 6.047125e+01 6.047055e+01 6.047119e+01
6.207146e+01 6.207193e+01 6.207129e+01 6.207117e+01
6.366869e+01 6.366848e+01 6.366786e+01 6.366712e+01
6.526184e+01 6.526100e+01 6.526010e+01 6.525976e+01
6.684798e+01 6.684770e+01 6.684671e+01 6.684741e+01
6.842958e+01 6.842874e+01 6.842760e+01 6.842869e+01
7.000372e+01 7.000307e+01 7.000292e+01 7.000353e+01
7.157213e+01 7.157240e+01 7.157327e+01 7.157454e+01
7.313620e+01 7.313654e+01 7.313764e+01 7.313822e+01
7.469518e+01 7.469605e+01 7.469679e+01 7.469740e+01
7.624997e+01 7.625104e+01 7.625148e+01 7.625190e+01
7.780061e+01 7.780085e+01 7.780091e+01 7.780116e+01
7.934360e+01 7.934464e+01 7.934438e+01 7.934440e+01
8.088278e+01 8.088401e+01 8.088381e+01 8.088384e+01
8.241854e+01 8.241904e+01 8.241918e+01 8.241933e+01
8.394873e+01 8.394870e+01 8.394940e+01 8.394997e+01
8.547509e+01 8.547548e+01 8.547593e+01 8.547651e+01
8.699724e+01 8.699713e+01 8.699736e+01 8.699867e+01
8.851399e+01 8.851373e+01 8.851449e+01 8.851559e+01
9.002491e+01 9.002466e+01 9.002557e+01 9.002662e+01
9.153139e+01 9.153096e+01 9.153124e+01 9.153209e+01
9.303236e+01 9.303250e+01 9.303249e+01 9.303322e+01
9.452954e+01 9.452971e+01 9.452920e+01 9.452945e+01
9.602247e+01 9.602253e+01 9.602256e+01 9.602321e+01
9.751167e+01 9.751145e+01 9.751186e+01 9.751196e+01
9.899705e+01 9.899720e+01 9.899674e+01 9.899647e+01
1.004786e+02 1.004785e+02 1.004783e+02 1.004780e+02
1.019544e+02 1.019537e+02 1.019537e+02 1.019536e+02
1.034250e+02 1.034241e+02 1.034239e+02 1.034239e+02
1.048885e+02 1.048890e+02 1.048897e+02 1.048895e+02
1.063491e+02 1.063498e+02 1.063516e+02 1.063517e+02
1.078054e+02 1.078058e+02 1.078078e+02 1.078082e+02
1.092589e+02 1.092583e+02 1.092595e+02 1.092601e+02
1.107061e+02 1.107053e+02 1.107060e+02 1.107059e+02
1.121472e+02 1.121468e+02 1.121463e+02 1.121456e+02
1.135821e+02 1.135825e+02 1.135807e+02 1.135802e+02
1.150121e+02 1.150106e+02 1.150093e+02 1.150093e+02
1.164361e+02 1.164354e+02 1.164342e+02 1.164340e+02
1.178549e+02 1.178548e+02 1.178551e+02 1.178560e+02
1.192707e+02 1.192697e+02 1.192708e+02 1.192724e+02
1.206827e+02 1.206816e+02 1.206821e+02 1.206825e+02
1.220894e+02 1.220889e+02 1.220889e+02 1.220889e+02
1.234923e+02 1.234919e+02 1.234914e+02 1.234909e+02
1.248901e+02 1.248888e+02 1.248877e+02 1.248869e+02
1.262807e+02 1.262799e+02 1.262786e+02 1.262783e+02
1.276647e+02 1.276648e+02 1.276638e+02 1.276644e+02
1.290418e+02 1.290428e+02 1.290430e+02 1.290440e+02
1.304146e+02 1.304148e+02 1.304151e+02 1.304152e+02
1.317823e+02 1.317818e+02 1.317819e+02 1.317822e+02
1.331466e+02 1.331454e+02 1.331435e+02 1.331427e+02
1.345045e+02 1.345029e+02 1.345006e+02 1.344996e+02
1.358560e+02 1.358543e+02 1.358524e+02 1.358522e+02
1.372020e+02 1.372015e+02 1.372006e+02 1.372003e+02
1.385435e+02 1.385438e+02 1.385447e+02 1.385443e+02
1.398821e+02 1.398822e+02 1.398834e+02 1.398843e+02
1.412164e+02 1.412165e+02 1.412180e+02 1.412187e+02
1.425452e+02 1.425455e+02 1.425479e+02 1.425489e+02
1.438672e+02 1.438689e+02 1.438703e+02 1.438705e+02
1.451843e+02 1.451850e+02 1.451846e+02 1.451841e+02
1.464929e+02 1.464928e+02 1.464929e+02 1.464927e+02
1.477942e+02 1.477941e+02 1.477944e+02 1.477943e+02
1.490907e+02 1.490908e+02 1.490920e+02 1.490911e+02
1.503815e+02 1.503827e+02 1.503834e+02 1.503834e+02
1.516670e+02 1.516687e+02 1.516693e+02 1.516700e+02
1.529482e+02 1.529489e+02 1.529487e+02 1.529491e+02
1.542240e+02 1.542243e+02 1.542229e+02 1.542225e+02
1.554904e+02 1.554906e+02 1.554911e+02 1.554911e+02
1.567523e+02 1.567525e+02 1.567534e+02 1.567538e+02
1.580100e+02 1.580107e+02 1.580113e+02 1.580119e+02
1.592638e+02 1.592633e+02 1.592623e+02 1.592621e+02
1.605114e+02 1.605091e+02 1.605071e+02 1.605055e+02
1.617495e+02 1.617488e+02 1.617463e+02 1.617448e+02
1.629823e+02 1.629820e+02 1.629800e+02 1.629792e+02
1.642108e+02 1.642098e+02 1.642078e+02 1.642070e+02
1.654320e+02 1.654315e+02 1.654307e+02 1.654307e+02
1.666478e+02 1.666473e+02 1.666463e+02 1.666463e+02
1.678580e+02 1.678575e+02 1.678570e+02 1.678573e+02
1.690650e+02 1.690641e+02 1.690641e+02 1.690654e+02
1.702676e+02 1.702669e+02 1.702672e+02 1.702687e+02
1.714643e+02 1.714628e+02 1.714628e+02 1.714638e+02
1.726528e+02 1.726521e+02 1.726524e+02 1.726526e+02
1.738352e+02 1.738352e+02 1.738358e+02 1.738357e+02
1.750151e+02 1.750149e+02 1.750152e+02 1.750150e+02
1.761924e+02 1.761913e+02 1.761910e+02 1.761916e+02
1.773640e+02 1.773628e+02 1.773613e+02 1.773614e+02
1.785281e+02 1.785270e+02 1.785251e+02 1.785250e+02
1.796849e+02 1.796841e+02 1.796838e+02 1.796838e+02
1.808369e+02 1.808371e+02 1.808375e+02 1.808366e+02
1.819847e+02 1.819853e+02 1.819858e+02 1.819859e+02
1.831273e+02 1.831270e+02 1.831267e+02 1.831278e+02
1.842654e+02 1.842650e+02 1.842637e+02 1.842635e+02
1.853985e+02 1.853987e+02 1.853980e+02 1.853978e+02
1.865278e+02 1.865277e+02 1.865286e+02 1.865289e+02
1.876534e+02 1.876536e+02 1.876555e+02 1.876564e+02
1.887755e+02 1.887759e+02 1.887769e+02 1.887769e+02
1.898906e+02 1.898906e+02 1.898903e+02 1.898900e+02
1.909974e+02 1.909976e+02 1.909969e+02 1.909966e+02
1.920985e+02 1.920992e+02 1.920986e+02 1.920985e+02
1.931934e+02 1.931937e+02 1.931936e+02 1.931940e+02
1.942819e+02 1.942829e+02 1.942828e+02 1.942831e+02
1.953673e+02 1.953679e+02 1.953677e+02 1.953673e+02
1.964493e+02 1.964496e+02 1.964489e+02 1.964482e+02
1.975239e+02 1.975241e+02 1.975236e+02 1.975233e+02
1.985920e+02 1.985918e+02 1.985923e+02 1.985917e+02
1.996521e+02 1.996526e+02 1.996526e+02 1.996520e+02
2.007054e+02 2.007050e+02 2.007047e+02 2.007051e+02
2.017521e+02 2.017525e+02 2.017516e+02 2.017508e+02
2.027932e+02 2.027934e+02 2.027933e+02 2.027931e+02
2.038299e+02 2.038303e+02 2.038302e+02 2.038299e+02
2.048618e+02 2.048617e+02 2.048620e+02 2.048627e+02
2.058882e+02 2.058882e+02 2.058891e+02 2.058893e+02
2.069094e+02 2.069100e+02 2.069114e+02 2.069114e+02
2.079250e+02 2.079257e+02 2.079255e+02 2.079253e+02
2.089334e+02 2.089335e+02 2.089322e+02 2.089324e+02
2.099355e+02 2.099355e+02 2.099341e+02 2.099354e+02
2.109327e+02 2.109325e+02 2.109305e+02 2.109304e+02
2.119233e+02 2.119228e+02 2.119217e+02 2.119215e+02
2.129073e+02 2.129071e+02 2.129073e+02 2.129078e+02
2.138869e+02 2.138874e+02 2.138875e+02 2.138877e+02
2.148637e+02 2.148636e+02 2.148628e+02 2.148631e+02
2.158368e+02 2.158359e+02 2.158349e+02 2.158353e+02
2.168018e+02 2.168019e+02 2.168008e+02 2.168008e+02
2.177599e+02 2.177600e+02 2.177584e+02 2.177591e+02
2.187086e+02 2.187078e+02 2.187058e+02 2.187060e+02
2.196507e+02 2.196496e+02 2.196476e+02 2.196471e+02
2.205855e+02 2.205841e+02 2.205829e+02 2.205835e+02
2.215110e+02 2.215107e+02 2.215091e+02 2.215087e+02
2.224320e+02 2.224309e+02 2.224300e+02 2.224291e+02
2.233438e+02 2.233432e+02 2.233437e+02 2.233434e+02
2.242492e+02 2.242487e+02 2.242489e+02 2.242491e+02
2.251494e+02 2.251490e+02 2.251503e+02 2.251508e+02
2.260435e+02 2.260434e+02 2.260453e+02 2.260463e+02
2.269321e+02 2.269318e+02 2.269326e+02 2.269325e+02
2.278096e+02 2.278101e+02 2.278107e+02 2.278114e+02
2.286829e+02 2.286829e+02 2.286832e+02 2.286837e+02
2.295506e+02 2.295501e+02 2.295507e+02 2.295506e+02
2.304097e+02 2.304104e+02 2.304109e+02 2.304107e+02
2.312648e+02 2.312648e+02 2.312650e+02 2.312653e+02
2.321137e+02 2.321137e+02 2.321144e+02 2.321150e+02
2.329565e+02 2.329569e+02 2.329573e+02 2.329576e+02
2.337911e+02 2.337916e+02 2.337922e+02 2.337938e+02
2.346175e+02 2.346185e+02 2.346190e+02 2.346192e+02
2.354377e+02 2.354379e+02 2.354378e+02 2.354376e+02
2.362474e+02 2.362473e+02 2.362479e+02 2.362494e+02
2.370487e+02 2.370495e+02 2.370503e+02 2.370508e+02
2.378429e+02 2.378449e+02 2.378465e+02 2.378462e+02
2.386291e+02 2.386313e+02 2.386336e+02 2.386344e+02
2.394091e+02 2.394103e+02 2.394122e+02 2.394126e+02
2.401839e+02 2.401839e+02 2.401846e+02 2.401845e+02
2.409495e+02 2.409496e+02 2.409496e+02 2.409495e+02
2.417069e+02 2.417072e+02 2.417084e+02 2.417094e+02
2.424570e+02 2.424583e+02 2.424596e+02 2.424611e+02
2.432034e+02 2.432041e+02 2.432051e+02 2.432055e+02
2.439444e+02 2.439439e+02 2.439436e+02 2.439436e+02
2.446783e+02 2.446775e+02 2.446764e+02 2.446757e+02
2.454049e+02 2.454030e+02 2.454016e+02 2.454012e+02
2.461219e+02 2.461218e+02 2.461206e+02 2.461203e+02
2.468323e+02 2.468335e+02 2.468329e+02 2.468320e+02
2.475379e+02 2.475387e+02 2.475387e+02 2.475384e+02
2.482393e+02 2.482389e+02 2.482382e+02 2.482375e+02
2.489315e+02 2.489304e+02 2.489299e+02 2.489305e+02
2.496163e+02 2.496170e+02 2.496157e+02 2.496154e+02
2.502939e+02 2.502939e+02 2.502927e+02 2.502919e+02
2.509632e+02 2.509620e+02 2.509613e+02 2.509613e+02
2.516257e+02 2.516244e+02 2.516244e+02 2.516248e+02
2.522790e+02 2.522800e+02 2.522807e+02 2.522813e+02
2.529255e+02 2.529270e+02 2.529265e+02 2.529264e+02
2.535638e+02 2.535645e+02 2.535644e+02 2.535645e+02
2.541931e+02 2.541941e+02 2.541948e+02 2.541952e+02
2.548148e+02 2.548159e+02 2.548161e+02 2.548166e+02
2.554281e+02 2.554296e+02 2.554306e+02 2.554311e+02
2.560346e+02 2.560359e+02 2.560388e+02 2.560395e+02
2.566338e+02 2.566341e+02 2.566364e+02 2.566367e+02
2.572250e+02 2.572240e+02 2.572252e+02 2.572263e+02
2.578063e+02 2.578060e+02 2.578074e+02 2.578085e+02
2.583788e+02 2.583784e+02 2.583794e+02 2.583795e+02
2.589408e+02 2.589411e+02 2.589413e+02 2.589425e+02
2.594951e+02 2.594961e+02 2.594964e+02 2.594978e+02
2.600382e+02 2.600396e+02 2.600409e+02 2.600417e+02
2.605713e+02 2.605721e+02 2.605733e+02 2.605739e+02
2.610949e+02 2.610954e+02 2.610944e+02 2.610945e+02
2.616092e+02 2.616096e+02 2.616098e+02 2.616100e+02
2.621127e+02 2.621139e+02 2.621147e+02 2.621154e+02
2.626100e+02 2.626109e+02 2.626114e+02 2.626120e+02
2.630972e+02 2.630974e+02 2.630977e+02 2.630987e+02
2.635783e+02 2.635781e+02 2.635755e+02 2.635752e+02
2.640466e+02 2.640459e+02 2.640435e+02 2.640435e+02
2.644999e+02 2.644989e+02 2.644965e+02 2.644966e+02
2.649415e+02 2.649401e+02 2.649391e+02 2.649380e+02
2.653701e+02 2.653693e+02 2.653692e+02 2.653700e+02
2.657895e+02 2.657889e+02 2.657882e+02 2.657885e+02
2.661960e+02 2.661950e+02 2.661942e+02 2.661944e+02
2.665902e+02 2.665889e+02 2.665864e+02 2.665857e+02
2.669683e+02 2.669681e+02 2.669665e+02 2.669662e+02
2.673375e+02 2.673374e+02 2.673349e+02 2.673337e+02
2.676930e+02 2.676926e+02 2.676920e+02 2.676913e+02
2.680383e+02 2.680375e+02 2.680372e+02 2.680369e+02
2.683717e+02 2.683706e+02 2.683705e+02 2.683711e+02
2.686914e+02 2.686902e+02 2.686908e+02 2.686902e+02
2.689968e+02 2.689968e+02 2.689985e+02 2.689988e+02
2.692906e+02 2.692916e+02 2.692933e+02 2.692943e+02
2.695744e+02 2.695755e+02 2.695751e+02 2.695756e+02
2.698473e+02 2.698472e+02 2.698470e+02 2.698484e+02
2.701085e+02 2.701087e+02 2.701085e+02 2.701094e+02
2.703606e+02 2.703603e+02 2.703598e+02 2.703612e+02
2.705995e+02 2.706012e+02 2.706022e+02 2.706039e+02
2.708279e+02 2.708304e+02 2.708316e+02 2.708342e+02
2.710467e+02 2.710480e+02 2.710502e+02 2.710530e+02
2.712536e+02 2.712540e+02 2.712554e+02 2.712551e+02
2.714495e+02 2.714497e+02 2.714482e+02 2.714466e+02
2.716275e+02 2.716282e+02 2.716269e+02 2.716261e+02
2.717928e+02 2.717938e+02 2.717935e+02 2.717929e+02
2.719474e+02 2.719469e+02 2.719458e+02 2.719433e+02
2.720882e+02 2.720880e+02 2.720855e+02 2.720833e+02
2.722140e+02 2.722142e+02 2.722118e+02 2.722101e+02
2.723269e+02 2.723254e+02 2.723233e+02 2.723231e+02
2.724218e+02 2.724219e+02 2.724206e+02 2.724207e+02
2.725057e+02 2.725064e+02 2.725070e+02 2.725059e+02
2.725820e+02 2.725828e+02 2.725830e+02 2.725817e+02
2.726450e+02 2.726455e+02 2.726447e+02 2.726432e+02
2.726933e+02 2.726941e+02 2.726925e+02 2.726915e+02
2.727272e+02 2.727277e+02 2.727275e+02 2.727274e+02
2.727437e+02 2.727449e+02 2.727449e+02 2.727450e+02
2.727479e+02 2.727477e+02 2.727468e+02 2.727464e+02
2.727381e+02 2.727377e+02 2.727368e+02 2.727353e+02
2.727166e+02 2.727153e+02 2.727142e+02 2.727120e+02
2.726784e+02 2.726772e+02 2.726772e+02 2.726770e+02
2.726258e+02 2.726249e+02 2.726247e+02 2.726255e+02
2.725569e+02 2.725563e+02 2.725559e+02 2.725574e+02
2.724688e+02 2.724698e+02 2.724709e+02 2.724715e+02
2.723683e+02 2.723704e+02 2.723704e+02 2.723694e+02
2.722538e+02 2.722543e+02 2.722523e+02 2.722506e+02
2.721225e+02 2.721214e+02 2.721201e+02 2.721191e+02
2.719740e+02 2.719726e+02 2.719719e+02 2.719711e+02
2.718074e+02 2.718073e+02 2.718068e+02 2.718056e+02
2.716240e+02 2.716231e+02 2.716229e+02 2.716232e+02
2.714277e+02 2.714272e+02 2.714261e+02 2.714262e+02
2.712147e+02 2.712144e+02 2.712145e+02 2.712139e+02
2.709848e+02 2.709853e+02 2.709868e+02 2.709865e+02
2.707408e+02 2.707394e+02 2.707389e+02 2.707375e+02
2.704771e+02 2.704749e+02 2.704741e+02 2.704734e+02
2.701978e+02 2.701962e+02 2.701948e+02 2.701946e+02
2.698992e+02 2.698983e+02 2.698995e+02 2.698997e+02
2.695873e+02 2.695877e+02 2.695891e+02 2.695898e+02
2.692642e+02 2.692651e+02 2.692665e+02 2.692670e+02
2.689306e+02 2.689309e+02 2.689319e+02 2.689325e+02
2.685823e+02 2.685828e+02 2.685820e+02 2.685825e+02
2.682206e+02 2.682220e+02 2.682218e+02 2.682218e+02
2.678443e+02 2.678457e+02 2.678459e+02 2.678457e+02
2.674551e+02 2.674564e+02 2.674570e+02 2.674569e+02
2.670578e+02 2.670579e+02 2.670586e+02 2.670587e+02
2.666490e+02 2.666490e+02 2.666496e+02 2.666487e+02
2.662274e+02 2.662279e+02 2.662282e+02 2.662267e+02
2.657936e+02 2.657945e+02 2.657949e+02 2.657955e+02
2.653508e+02 2.653524e+02 2.653535e+02 2.653538e+02
2.649000e+02 2.649001e+02 2.649003e+02 2.648992e+02
2.644361e+02 2.644366e+02 2.644353e+02 2.644347e+02
2.639592e+02 2.639607e+02 2.639619e+02 2.639623e+02
2.634739e+02 2.634756e+02 2.634786e+02 2.634784e+02
2.629812e+02 2.629822e+02 2.629847e+02 2.629845e+02
2.624764e+02 2.624768e+02 2.624788e+02 2.624778e+02
2.619639e+02 2.619638e+02 2.619641e+02 2.619625e+02
2.614401e+02 2.614397e+02 2.614386e+02 2.614385e+02
2.609065e+02 2.609064e+02 2.609062e+02 2.609067e+02
2.603667e+02 2.603664e+02 2.603664e+02 2.603665e+02
2.598200e+02 2.598192e+02 2.598175e+02 2.598162e+02
2.592604e+02 2.592593e+02 2.592591e+02 2.592585e+02
2.586918e+02 2.586901e+02 2.586892e+02 2.586884e+02
2.581125e+02 2.581116e+02 2.581122e+02 2.581120e+02
2.575252e+02 2.575251e+02 2.575244e+02 2.575243e+02
2.569273e+02 2.569280e+02 2.569275e+02 2.569272e+02
2.563216e+02 2.563226e+02 2.563239e+02 2.563229e+02
2.557085e+02 2.557083e+02 2.557092e+02 2.557096e+02
2.550870e+02 2.550870e+02 2.550865e+02 2.550866e+02
2.544536e+02 2.544545e+02 2.544548e+02 2.544544e+02
2.538117e+02 2.538122e+02 2.538121e+02 2.538125e+02
2.531622e+02 2.531623e+02 2.531612e+02 2.531618e+02
2.525019e+02 2.525021e+02 2.525013e+02 2.525019e+02
2.518321e+02 2.518324e+02 2.518321e+02 2.518324e+02
2.511548e+02 2.511551e+02 2.511546e+02 2.511544e+02
2.504716e+02 2.504715e+02 2.504700e+02 2.504689e+02
2.497796e+02 2.497798e+02 2.497788e+02 2.497786e+02
2.490794e+02 2.490800e+02 2.490801e+02 2.490803e+02
2.483750e+02 2.483751e+02 2.483753e+02 2.483756e+02
2.476631e+02 2.476620e+02 2.476608e+02 2.476605e+02
2.469441e+02 2.469421e+02 2.469417e+02 2.469417e+02
2.462146e+02 2.462145e+02 2.462146e+02 2.462132e+02
2.454780e+02 2.454775e+02 2.454766e+02 2.454763e+02
2.447345e+02 2.447331e+02 2.447315e+02 2.447310e+02
2.439862e+02 2.439840e+02 2.439825e+02 2.439820e+02
2.432263e+02 2.432258e+02 2.432262e+02 2.432262e+02
2.424601e+02 2.424603e+02 2.424620e+02 2.424619e+02
2.416898e+02 2.416891e+02 2.416893e+02 2.416888e+02
2.409097e+02 2.409100e+02 2.409100e+02 2.409098e+02
2.401235e+02 2.401247e+02 2.401247e+02 2.401249e+02
2.393310e+02 2.393315e+02 2.393320e+02 2.393330e+02
2.385296e+02 2.385297e+02 2.385321e+02 2.385330e+02
2.377203e+02 2.377192e+02 2.377203e+02 2.377215e+02
2.368990e+02 2.368987e+02 2.368987e+02 2.368993e+02
2.360679e+02 2.360690e+02 2.360710e+02 2.360725e+02
2.352318e+02 2.352331e+02 2.352343e+02 2.352351e+02
2.343895e+02 2.343914e+02 2.343927e+02 2.343938e+02
2.335396e+02 2.335416e+02 2.335436e+02 2.335453e+02
2.326802e+02 2.326814e+02 2.326838e+02 2.326848e+02
2.318151e+02 2.318158e+02 2.318176e+02 2.318175e+02
2.309449e+02 2.309443e+02 2.309443e+02 2.309430e+02
2.300644e+02 2.300636e+02 2.300632e+02 2.300619e+02
2.291768e+02 2.291762e+02 2.291753e+02 2.291744e+02
2.282845e+02 2.282839e+02 2.282828e+02 2.282816e+02
2.273856e+02 2.273852e+02 2.273848e+02 2.273844e+02
2.264811e+02 2.264800e+02 2.264796e+02 2.264790e+02
2.255695e+02 2.255688e+02 2.255681e+02 2.255672e+02
2.246511e+02 2.246503e+02 2.246504e+02 2.246493e+02
2.237244e+02 2.237235e+02 2.237233e+02 2.237228e+02
2.227885e+02 2.227874e+02 2.227871e+02 2.227866e+02
2.218469e+02 2.218457e+02 2.218447e+02 2.218437e+02
2.208989e+02 2.208980e+02 2.208967e+02 2.208954e+02
2.199447e+02 2.199440e+02 2.199423e+02 2.199413e+02
2.189839e+02 2.189835e+02 2.189832e+02 2.189822e+02
2.180182e+02 2.180178e+02 2.180171e+02 2.180167e+02
2.170450e+02 2.170443e+02 2.170435e+02 2.170431e+02
2.160644e+02 2.160651e+02 2.160649e+02 2.160637e+02
2.150774e+02 2.150784e+02 2.150788e+02 2.150779e+02
2.140868e+02 2.140864e+02 2.140858e+02 2.140848e+02
2.130883e+02 2.130875e+02 2.130869e+02 2.130864e+02
2.120835e+02 2.120826e+02 2.120824e+02 2.120821e+02
2.110737e+02 2.110729e+02 2.110724e+02 2.110720e+02
2.100582e+02 2.100577e+02 2.100570e+02 2.100563e+02
2.090344e+02 2.090352e+02 2.090361e+02 2.090354e+02
2.080087e+02 2.080093e+02 2.080093e+02 2.080084e+02
2.069760e+02 2.069763e+02 2.069757e+02 2.069750e+02
2.059370e+02 2.059372e+02 2.059371e+02 2.059376e+02
2.048929e+02 2.048930e+02 2.048939e+02 2.048945e+02
2.038450e+02 2.038445e+02 2.038456e+02 2.038466e+02
2.027909e+02 2.027904e+02 2.027905e+02 2.027914e+02
2.017296e+02 2.017301e+02 2.017299e+02 2.017301e+02
2.006632e+02 2.006642e+02 2.006638e+02 2.006637e+02
1.995903e+02 1.995910e+02 1.995906e+02 1.995903e+02
1.985128e+02 1.985130e+02 1.985124e+02 1.985114e+02
1.974297e+02 1.974289e+02 1.974288e+02 1.974285e+02
1.963397e+02 1.963390e+02 1.963392e+02 1.963395e+02
1.952456e+02 1.952445e+02 1.952438e+02 1.952436e+02
1.941456e+02 1.941441e+02 1.941428e+02 1.941427e+02
1.930367e+02 1.930361e+02 1.930360e+02 1.930352e+02
1.919210e+02 1.919204e+02 1.919215e+02 1.919213e+02
1.908002e+02 1.907996e+02 1.908010e+02 1.908019e+02
1.896727e+02 1.896721e+02 1.896733e+02 1.896738e+02
1.885396e+02 1.885383e+02 1.885385e+02 1.885392e+02
1.873986e+02 1.873973e+02 1.873969e+02 1.873975e+02
1.862511e+02 1.862500e+02 1.862497e+02 1.862495e+02
1.850980e+02 1.850976e+02 1.850981e+02 1.850982e+02
1.839391e+02 1.839385e+02 1.839387e+02 1.839395e+02
1.827729e+02 1.827725e+02 1.827719e+02 1.827712e+02
1.816036e+02 1.816029e+02 1.816014e+02 1.816001e+02
1.804274e+02 1.804269e+02 1.804252e+02 1.804241e+02
1.792463e+02 1.792461e+02 1.792435e+02 1.792421e+02
1.780594e+02 1.780593e+02 1.780574e+02 1.780566e+02
1.768662e+02 1.768667e+02 1.768660e+02 1.768667e+02
1.756673e+02 1.756679e+02 1.756685e+02 1.756699e+02
1.744625e+02 1.744630e+02 1.744637e+02 1.744640e+02
1.732537e+02 1.732536e+02 1.732538e+02 1.732543e+02
1.720400e+02 1.720397e+02 1.720393e+02 1.720399e+02
1.708214e+02 1.708209e+02 1.708204e+02 1.708202e+02
1.695965e+02 1.695962e+02 1.695957e+02 1.695953e+02
1.683665e+02 1.683658e+02 1.683652e+02 1.683654e+02
1.671307e+02 1.671306e+02 1.671292e+02 1.671295e+02
1.658913e+02 1.658908e+02 1.658888e+02 1.658889e+02
1.646461e+02 1.646458e+02 1.646442e+02 1.646435e+02
1.633949e+02 1.633947e+02 1.633945e+02 1.633941e+02
1.621408e+02 1.621405e+02 1.621402e+02 1.621401e+02
1.608802e+02 1.608813e+02 1.608816e+02 1.608825e+02
1.596139e+02 1.596150e+02 1.596163e+02 1.596174e+02
1.583429e+02 1.583442e+02 1.583457e+02 1.583464e+02
1.570657e+02 1.570669e+02 1.570679e+02 1.570674e+02
1.557818e+02 1.557826e+02 1.557830e+02 1.557834e+02
1.544931e+02 1.544939e+02 1.544945e+02 1.544951e+02
1.531996e+02 1.532000e+02 1.532003e+02 1.532003e+02
1.519029e+02 1.519025e+02 1.519022e+02 1.519022e+02
1.506005e+02 1.506001e+02 1.505992e+02 1.505993e+02
1.492916e+02 1.492918e+02 1.492922e+02 1.492920e+02
1.479805e+02 1.479807e+02 1.479805e+02 1.479802e+02
1.466647e+02 1.466642e+02 1.466642e+02 1.466637e+02
1.453426e+02 1.453432e+02 1.453427e+02 1.453427e+02
1.440179e+02 1.440174e+02 1.440164e+02 1.440167e+02
1.426857e+02 1.426848e+02 1.426843e+02 1.426842e+02
1.413481e+02 1.413476e+02 1.413477e+02 1.413476e+02
1.400065e+02 1.400054e+02 1.400046e+02 1.400045e+02
1.386571e+02 1.386563e+02 1.386555e+02 1.386548e+02
1.373042e+02 1.373032e+02 1.373020e+02 1.373016e+02
1.359464e+02 1.359458e+02 1.359454e+02 1.359445e+02
1.345855e+02 1.345847e+02 1.345838e+02 1.345835e+02
1.332170e+02 1.332164e+02 1.332157e+02 1.332162e+02
1.318438e+02 1.318436e+02 1.318432e+02 1.318439e+02
1.304658e+02 1.304651e+02 1.304654e+02 1.304660e+02
1.290827e+02 1.290816e+02 1.290816e+02 1.290815e+02
1.276955e+02 1.276938e+02 1.276930e+02 1.276927e+02
1.263003e+02 1.262993e+02 1.262982e+02 1.262984e+02
1.249009e+02 1.248991e+02 1.248976e+02 1.248972e+02
1.234955e+02 1.234943e+02 1.234933e+02 1.234928e+02
1.220868e+02 1.220854e+02 1.220846e+02 1.220849e+02
1.206739e+02 1.206731e+02 1.206725e+02 1.206726e+02
1.192557e+02 1.192551e+02 1.192548e+02 1.192547e+02
1.178349e+02 1.178338e+02 1.178335e+02 1.178332e+02
1.164080e+02 1.164071e+02 1.164062e+02 1.164058e+02
1.149728e+02 1.149722e+02 1.149710e+02 1.149705e+02
1.135318e+02 1.135316e+02 1.135306e+02 1.135304e+02
1.120872e+02 1.120874e+02 1.120864e+02 1.120854e+02
1.106397e+02 1.106398e+02 1.106381e+02 1.106368e+02
1.091860e+02 1.091859e+02 1.091850e+02 1.091839e+02
1.077282e+02 1.077278e+02 1.077267e+02 1.077264e+02
1.062669e+02 1.062656e+02 1.062644e+02 1.062643e+02
1.047995e+02 1.047986e+02 1.047977e+02 1.047974e+02
1.033264e+02 1.033260e+02 1.033251e+02 1.033243e+02
1.018489e+02 1.018488e+02 1.018489e+02 1.018487e+02
1.003694e+02 1.003691e+02 1.003692e+02 1.003690e+02
9.888689e+01 9.888636e+01 9.888610e+01 9.888515e+01
9.739873e+01 9.739830e+01 9.739774e+01 9.739697e+01
9.590498e+01 9.590386e+01 9.590337e+01 9.590272e+01
9.440526e+01 9.440470e+01 9.440415e+01 9.440356e+01
9.290282e+01 9.290188e+01 9.290145e+01 9.290187e+01
9.139464e+01 9.139380e+01 9.139249e+01 9.139202e+01
8.988145e+01 8.988047e+01 8.987963e+01 8.987910e+01
8.836212e+01 8.836199e+01 8.836333e+01 8.836388e+01
8.683955e+01 8.683953e+01 8.684007e+01 8.683951e+01
8.531357e+01 8.531303e+01 8.531168e+01 8.531084e+01
8.378054e+01 8.378014e+01 8.377774e+01 8.377663e+01
8.224175e+01 8.224101e+01 8.223809e+01 8.223701e+01
8.069749e+01 8.069644e+01 8.069496e+01 8.069387e+01
7.914996e+01 7.914877e+01 7.914747e+01 7.914706e+01
7.759668e+01 7.759664e+01 7.759539e+01 7.759573e+01
7.603793e+01 7.603786e+01 7.603726e+01 7.603736e+01
7.447423e+01 7.447421e+01 7.447487e+01 7.447438e+01
7.290637e+01 7.290716e+01 7.290879e+01 7.290855e+01
7.133518e+01 7.133564e+01 7.133701e+01 7.133762e+01
6.975864e+01 6.975984e+01 6.976104e+01 6.976149e+01
6.817721e+01 6.817845e+01 6.817989e+01 6.818023e+01
6.659132e+01 6.659220e+01 6.659352e+01 6.659422e+01
6.500108e+01 6.500192e+01 6.500234e+01 6.500233e+01
6.340628e+01 6.340618e+01 6.340568e+01 6.340508e+01
6.180623e+01 6.180600e+01 6.180486e+01 6.180430e+01
6.019968e+01 6.020045e+01 6.020071e+01 6.020073e+01
5.858967e+01 5.859041e+01 5.859070e+01 5.859063e+01
5.697459e+01 5.697561e+01 5.697603e+01 5.697589e+01
5.535534e+01 5.535572e+01 5.535581e+01 5.535531e+01
5.373245e+01 5.373229e+01 5.373211e+01 5.373208e+01
5.210643e+01 5.210602e+01 5.210570e+01 5.210537e+01
5.047633e+01 5.047602e+01 5.047594e+01 5.047591e+01
4.884125e+01 4.884166e+01 4.884154e+01 4.884133e+01
4.720287e+01 4.720325e+01 4.720307e+01 4.720307e+01
4.555972e+01 4.556012e+01 4.555943e+01 4.555866e+01
4.391053e+01 4.390990e+01 4.390891e+01 4.390747e+01
4.225401e+01 4.225335e+01 4.225341e+01 4.225152e+01
4.059059e+01 4.059081e+01 4.059196e+01 4.059075e+01
3.892262e+01 3.892297e+01 3.892438e+01 3.892414e+01
3.724955e+01 3.724959e+01 3.725083e+01 3.725098e+01
3.557261e+01 3.557278e+01 3.557395e+01 3.557425e+01
3.389170e+01 3.389205e+01 3.389282e+01 3.389254e+01
3.220598e+01 3.220649e+01 3.220642e+01 3.220594e+01
3.051462e+01 3.051579e+01 3.051596e+01 3.051584e+01
2.882058e+01 2.882147e+01 2.882234e+01 2.882227e+01
2.712436e+01 2.712531e+01 2.712620e+01 2.712615e+01
2.542423e+01 2.542516e+01 2.542530e+01 2.542520e+01
2.371933e+01 2.372048e+01 2.372059e+01 2.371988e+01
2.201066e+01 2.201158e+01 2.201171e+01 2.201068e+01
2.029704e+01 2.029803e+01 2.029834e+01 2.029744e+01
1.857964e+01 1.858018e+01 1.858048e+01 1.858007e+01
1.685883e+01 1.685912e+01 1.685956e+01 1.685909e+01
1.513343e+01 1.513389e+01 1.513344e+01 1.513359e+01
1.340301e+01 1.340314e+01 1.340289e+01 1.340286e+01
1.166859e+01 1.166924e+01 1.166940e+01 1.166868e+01
9.929033e+00 9.929701e+00 9.930858e+00 9.930738e+00
8.185828e+00 8.186748e+00 8.188238e+00 8.188932e+00
6.439976e+00 6.440947e+00 6.442090e+00 6.442208e+00
4.690555e+00 4.691651e+00 4.693924e+00 4.693858e+00
2.935882e+00 2.936405e+00 2.938795e+00 2.939850e+00
1.175019e+00 1.175702e+00 1.177286e+00 1.177568e+00
-5.890471e-01 -5.890471e-01 -5.890471e-01 -5.890471e-01
