-5.238848e+05 7.489783e+04 -4.931451e+05
3.745439e+04 1.337545e+06 -4.446450e+05
3.564535e+05 -4.490791e+05 3.067177e+05
9.089761e+04 4.100044e+05 -2.370859e+04
-2.046728e+05 1.511397e+05 -5.191199e+05
-2.308106e+05 -3.975363e+04 -2.491241e+05
-9.188449e+04 6.957935e+05 4.571014e+04
-1.356891e+06 -1.533761e+05 -1.615365e+05
5.577826e+05 -6.881806e+05 1.672095e+05
-3.460943e+05 2.208780e+05 1.284895e+06
1.418824e+05 -9.924953e+04 2.564386e+05
-3.742186e+05 -1.740072e+04 2.865227e+05
1.577178e+05 -4.562581e+05 -5.211098e+05
-4.735696e+05 1.152617e+06 -4.828736e+05
1.165026e+05 3.297737e+05 8.841886e+04
2.256186e+05 9.586404e+05 6.817072e+05
-2.688204e+05 8.441258e+05 2.638402e+05
-3.658629e+05 -7.868540e+05 3.997329e+05
8.833183e+04 3.188459e+05 -5.066317e+05
2.018329e+05 1.127531e+06 1.664881e+05
-4.575358e+05 3.841672e+05 6.198115e+05
5.277942e+05 -6.509892e+05 4.275871e+05
6.318474e+05 1.413631e+05 -1.363883e+05
-3.862538e+05 -1.665718e+05 -1.004294e+05
-3.273825e+05 -2.280437e+05 2.879330e+05
6.647636e+05 5.653649e+05 -2.885174e+05
-8.904964e+04 -3.077871e+05 -6.190999e+03
-2.173100e+05 4.429812e+05 -4.745432e+04
-4.758982e+05 5.642060e+04 5.085666e+05
8.259699e+05 4.509861e+05 -1.311432e+06
2.771210e+05 -7.516712e+05 -3.855222e+05
1.220678e+05 -3.785419e+04 3.575271e+05
3.428670e+05 5.744666e+05 -7.673501e+05
1.311283e+05 -6.799386e+05 4.482579e+05
-7.579453e+05 8.476103e+05 4.402862e+05
7.932243e+04 3.094738e+05 2.292059e+04
-5.991952e+05 4.057738e+05 -7.023444e+05
-1.013648e+05 1.715568e+05 -8.460071e+05
-3.534825e+04 3.366488e+05 -1.091525e+05
-3.948491e+05 -2.327391e+05 -2.598758e+05
9.712567e+04 -2.385036e+04 5.212345e+05
5.744339e+05 3.410325e+05 5.506335e+05
3.106710e+05 1.056193e+05 7.494118e+04
2.970402e+04 -1.543176e+04 -4.446114e+05
5.923515e+05 -5.427772e+05 6.586627e+05
2.913498e+05 -7.815834e+05 -4.258049e+05
8.129608e+05 -8.974803e+04 -8.810429e+05
1.242808e+05 2.426180e+04 -7.861198e+05
4.294411e+05 -3.576476e+05 1.783080e+03
1.466009e+05 -3.129674e+05 -2.976239e+05
5.315696e+04 -5.656712e+04 -5.833860e+04
-1.184207e+06 5.506551e+05 -1.446225e+05
1.453878e+05 2.696112e+05 -2.114276e+04
-6.933882e+04 -6.648274e+03 -4.860835e+04
6.101970e+05 -2.964585e+05 -1.196335e+06
4.646596e+05 -2.594616e+05 -1.082652e+06
-4.107809e+05 6.779540e+05 -2.713530e+05
-1.132372e+06 4.076065e+05 -3.133835e+04
-3.229682e+05 2.089334e+05 -4.022335e+05
-2.384447e+05 6.050974e+05 9.209980e+05
2.067918e+05 -9.663443e+04 4.946096e+05
-1.683147e+05 -2.730933e+05 1.861873e+05
-1.567344e+05 -3.265422e+05 -2.624320e+05
4.829724e+05 -1.106087e+05 6.296907e+04
7.372080e+04 -8.866321e+04 9.692849e+05
-2.935853e+05 1.744266e+05 -7.719294e+04
-4.152158e+05 -8.132186e+05 2.768324e+05
7.418752e+04 4.061782e+04 2.551482e+05
6.708313e+05 7.421213e+05 -2.413591e+05
-4.153820e+04 -1.426622e+06 4.514444e+05
3.810547e+05 -1.039393e+05 2.233485e+04
4.620409e+05 7.603141e+05 3.585698e+05
1.236783e+05 2.025745e+05 -1.889267e+05
5.664708e+05 3.592062e+05 7.759315e+05
6.004379e+05 6.298830e+05 -2.065435e+05
-4.454333e+04 -1.596396e+05 3.077469e+05
-6.499932e+05 3.900191e+04 4.498352e+05
-2.102157e+05 -1.703724e+05 1.697224e+05
1.047159e+04 1.575456e+05 4.987641e+05
-3.911522e+05 9.589585e+04 -5.854546e+05
4.144981e+05 -5.379913e+05 1.303243e+05
2.170315e+05 -1.363194e+05 -2.341715e+03
4.788438e+05 3.523871e+05 1.799082e+05
3.904426e+05 -1.361305e+04 6.737827e+05
-9.189959e+04 -1.760655e+05 -3.127181e+05
1.037716e+05 -2.510783e+05 -6.393577e+05
6.854203e+04 -1.558106e+05 4.752412e+04
2.517228e+05 7.005920e+05 6.664968e+05
8.918018e+05 -1.027723e+05 -1.302396e+04
2.904076e+04 -6.414899e+04 2.388631e+04
-2.495162e+05 -1.603379e+05 -5.807840e+05
-1.416647e+04 -3.157281e+05 7.290448e+05
4.643914e+05 3.308973e+05 1.078554e+05
-4.260480e+04 -9.551437e+05 6.244426e+05
-3.259779e+05 1.486840e+05 5.706324e+04
6.101079e+05 -3.781959e+05 3.295405e+05
1.757037e+04 -4.145979e+05 7.935510e+04
1.590943e+05 1.167578e+06 -5.245034e+05
1.252141e+05 7.370355e+04 -2.429775e+05
3.289859e+04 2.957669e+05 -6.468045e+05
6.217585e+05 1.143899e+05 5.706277e+05
1.469746e+05 -5.525292e+04 1.259600e+05
1.771474e+05 -4.061529e+05 -2.487095e+05
1.905977e+05 -6.465414e+05 -3.460620e+05
1.638515e+05 -2.365170e+05 2.070761e+05
1.087295e+05 4.281166e+05 -4.741101e+05
-4.847714e+05 8.697924e+04 -2.639662e+05
-1.350674e+05 -7.507289e+05 2.012993e+04
7.908879e+05 -7.834943e+05 9.758498e+05
5.657139e+05 -3.178593e+05 -6.316543e+05
3.790712e+05 8.623583e+05 -1.125592e+06
4.113536e+05 -2.399454e+05 7.025451e+04
1.930988e+05 -6.039139e+05 3.958358e+05
-3.356120e+04 -3.938990e+04 -2.275701e+05
3.653700e+05 -1.274407e+05 -2.009421e+05
1.969744e+05 -8.317048e+04 1.486870e+05
-3.531353e+05 -1.424649e+05 -1.015910e+05
-1.715206e+05 -2.317316e+04 -1.995689e+05
-4.312451e+05 -5.073023e+04 5.329651e+05
2.043176e+05 -1.143362e+05 6.524477e+04
2.829905e+05 -2.568294e+05 8.982950e+05
-3.734805e+05 -1.073387e+06 -1.551746e+06
-6.267041e+05 -4.369783e+05 6.969383e+05
-2.836471e+05 -1.503721e+05 -3.147179e+05
-6.461661e+05 1.076688e+06 -1.102518e+06
-1.147363e+05 1.411499e+05 5.334119e+04
-1.021251e+06 2.090200e+05 4.292217e+05
2.005956e+05 -1.625907e+05 -6.570294e+05
1.060173e+05 -3.646227e+05 2.635147e+04
-1.958229e+05 3.858404e+04 7.527159e+05
4.924076e+05 4.525452e+05 -4.165242e+05
-6.306865e+04 3.445846e+05 -8.967823e+05
5.322011e+05 3.515700e+05 -6.190434e+05
7.829099e+04 -1.771459e+05 1.212215e+06
1.432952e+05 6.110339e+05 -5.793525e+05
-6.431301e+05 -1.058863e+06 -3.037725e+05
4.126790e+05 -8.092807e+05 4.076853e+05
-3.518076e+05 -1.520168e+06 6.516677e+05
-5.596070e+05 -8.217056e+04 -4.010075e+04
-8.319965e+05 2.867680e+05 -1.948613e+05
-4.964970e+05 5.161144e+05 1.600458e+06
9.163427e+05 -1.043813e+05 -5.180638e+04
-2.804409e+05 -6.588488e+05 -4.351358e+05
-7.457309e+05 9.214933e+04 -9.950290e+05
9.373104e+05 4.280171e+05 -2.680498e+05
6.030399e+05 -5.940185e+05 -4.330861e+04
1.257577e+06 4.885192e+05 -3.200610e+05
-1.404772e+05 1.715745e+05 4.410806e+04
2.939124e+05 2.568521e+05 1.756390e+05
9.482052e+04 8.604598e+04 -1.142549e+05
4.102780e+05 -5.264276e+05 1.321836e+06
3.395226e+05 -7.540082e+05 2.882865e+05
-8.157755e+04 -4.686060e+05 -6.692272e+05
-9.202032e+04 -8.792729e+04 -1.129389e+05
2.302285e+05 -3.127734e+04 1.998830e+05
-1.685596e+05 2.406013e+05 3.059642e+05
6.724746e+04 -2.335852e+03 4.314044e+05
7.868551e+05 2.347143e+05 1.859534e+05
-2.988527e+05 -5.352020e+05 -3.773908e+05
6.666009e+05 -5.026055e+05 -2.823662e+05
-7.520501e+04 -4.876458e+05 2.822967e+05
-6.852791e+04 -3.371125e+04 9.090733e+05
9.036718e+05 -1.296316e+06 2.886468e+05
-2.592901e+05 -2.454596e+04 8.230044e+04
4.305315e+04 -1.878189e+05 -3.182699e+05
6.052377e+04 -1.852180e+05 -9.882550e+04
-4.068755e+05 -6.967479e+04 2.300434e+05
-7.811229e+04 1.411396e+05 9.018389e+04
-9.728478e+05 4.833074e+05 1.222300e+05
-3.826470e+05 -2.905308e+05 4.283841e+05
2.564014e+05 5.701660e+05 -7.306178e+05
6.712282e+04 -1.052032e+06 1.789942e+05
1.148077e+06 -7.453566e+05 -1.962684e+05
-2.452615e+05 -1.262218e+05 3.736423e+05
3.876922e+05 1.244346e+05 -6.345820e+05
4.521118e+05 3.067553e+05 -7.160138e+04
2.405506e+05 -2.565713e+05 8.048529e+04
2.258913e+05 -4.400569e+05 2.556843e+05
-1.766892e+05 4.928504e+05 8.960972e+04
-1.434416e+05 -7.372801e+05 7.791537e+04
-9.016661e+05 -2.142046e+05 -3.324156e+05
1.855436e+04 3.718911e+04 1.970039e+05
4.198903e+05 -2.462368e+05 -3.815576e+05
-4.750466e+05 -9.927315e+04 -1.729529e+05
-5.844964e+05 6.583823e+05 7.323173e+05
-7.871609e+04 2.158440e+05 3.869211e+04
-7.342973e+04 -2.059268e+05 1.959258e+05
4.205954e+05 4.332940e+05 -1.906756e+05
-4.103538e+05 3.469670e+03 2.951045e+05
-5.524274e+05 6.824304e+05 1.771334e+05
3.034385e+04 2.111649e+05 1.571241e+05
1.151664e+05 4.509979e+05 1.389727e+06
9.778850e+04 5.007941e+05 1.722463e+05
2.068853e+05 -1.011557e+05 1.485075e+05
-9.257249e+04 8.917723e+03 -3.491944e+05
1.875290e+05 -6.246842e+04 6.938437e+04
1.898615e+05 -4.818068e+05 -1.796819e+05
4.209167e+05 1.634807e+05 7.269304e+04
2.461051e+05 4.213915e+05 5.150373e+05
2.911886e+05 -4.362239e+05 6.179284e+05
3.912896e+05 4.287334e+04 -1.826833e+05
5.274110e+05 6.098396e+05 1.080729e+05
2.441043e+05 4.982205e+05 5.542939e+05
-2.539042e+05 3.566528e+05 6.178576e+05
-1.405247e+05 2.488511e+05 1.829286e+05
-4.028923e+05 -6.181922e+04 1.088425e+06
-4.404990e+05 6.833987e+04 3.513467e+05
4.226291e+05 -3.703424e+05 -1.717844e+04
-9.228451e+05 1.084675e+06 -4.572972e+05
3.854503e+05 5.633610e+05 -2.628319e+05
-7.137689e+04 -4.145709e+04 -7.841674e+03
-3.987444e+05 5.221923e+05 -1.187570e+04
3.158391e+05 -7.971470e+04 -8.363129e+05
-1.307484e+05 8.033681e+04 1.548902e+05
-9.808518e+04 8.322212e+05 1.450818e+05
7.743293e+05 -3.438055e+05 -3.765792e+05
-2.647907e+04 1.223034e+05 -3.689557e+04
-9.534503e+04 -3.580858e+05 -1.508065e+05
-6.385061e+04 2.168838e+05 -2.634492e+04
-1.940840e+05 7.279106e+05 1.073294e+04
-1.073603e+05 2.253305e+05 8.108946e+04
-6.791154e+05 -3.503890e+05 4.367025e+05
1.414478e+05 6.758532e+05 -6.571466e+04
3.513476e+05 2.692394e+05 -3.094682e+05
-3.726200e+04 -3.890356e+05 6.669702e+05
-3.903042e+05 1.290618e+05 1.337858e+05
1.217242e+05 4.370158e+04 -2.146120e+05
-1.359379e+05 -4.369980e+04 9.853897e+04
1.133630e+05 1.120204e+05 4.634341e+04
3.242604e+05 -5.324485e+04 -3.512154e+05
-1.374981e+05 4.659291e+05 2.638846e+05
1.059363e+06 3.757092e+04 2.647949e+05
2.691563e+05 3.785101e+04 2.869919e+05
-5.147697e+04 3.334348e+04 -4.433517e+05
4.547379e+05 1.565065e+05 3.495758e+05
1.282367e+05 -7.848097e+05 -2.646839e+05
-6.149433e+05 -5.304781e+05 5.221040e+05
-1.841311e+05 3.053654e+05 -1.576961e+05
-1.863147e+04 -7.970709e+04 -9.203001e+05
4.443543e+05 -1.179537e+06 -2.762828e+05
-2.216995e+05 -2.514810e+04 -3.244029e+05
7.460784e+05 3.253215e+05 2.592592e+04
2.312198e+05 -2.385773e+05 -3.835269e+05
3.383603e+05 -1.038947e+05 -6.581917e+04
2.396478e+05 1.183913e+05 2.678477e+05
-1.219564e+05 3.997790e+05 -3.845005e+05
4.397575e+05 6.480295e+05 -3.540374e+04
-1.355107e+05 1.913287e+05 8.023874e+04
-5.517326e+05 -1.024732e+05 -2.423899e+04
-2.072762e+05 -3.213271e+05 -1.173928e+04
6.912431e+05 1.085451e+06 2.552619e+05
4.991854e+04 -7.212367e+05 -1.728038e+05
-5.267798e+05 6.278192e+04 7.543942e+05
3.222574e+05 -1.442496e+05 -6.454533e+04
6.106816e+05 3.762985e+05 -1.495952e+05
-1.342247e+05 1.789407e+05 3.259936e+05
4.824458e+05 5.912683e+05 4.408863e+05
5.136541e+05 2.529238e+05 3.907109e+05
3.310007e+05 -3.662640e+04 -1.531008e+05
1.888869e+05 -3.980609e+05 -4.155690e+05
8.641127e+04 8.166465e+04 3.399876e+05
9.362236e+04 -6.405853e+04 -3.024451e+05
-1.970568e+05 1.478374e+05 2.963729e+05
2.064968e+05 4.935850e+05 1.672022e+05
6.895230e+04 -2.750852e+05 2.410748e+05
2.547895e+05 -8.470309e+05 -3.018944e+05
-8.923453e+04 -2.925061e+03 1.999008e+05
-5.700629e+05 -1.674087e+05 -5.706719e+05
5.263543e+05 3.023414e+05 6.804909e+04
-7.654985e+05 -2.508616e+05 -2.290454e+04
5.731334e+03 2.453331e+05 -5.369420e+05
-1.186989e+05 2.137119e+05 1.102048e+05
-1.479471e+05 -2.818332e+05 2.457160e+05
-5.557608e+05 9.751529e+05 4.954614e+05
6.013594e+05 -8.503910e+04 2.391452e+05
-3.564015e+05 7.224941e+05 -3.293221e+05
-7.147605e+05 6.326893e+05 -4.459790e+05
1.022265e+06 6.063489e+05 -1.476990e+06
2.790618e+05 1.239112e+05 -8.079943e+05
-3.359683e+05 -9.739238e+04 -4.638289e+05
1.227487e+05 6.735241e+03 2.289069e+05
-2.554546e+05 -2.257888e+05 8.448664e+05
4.084434e+05 -8.683172e+04 -1.649212e+05
4.254023e+05 -3.210985e+05 9.856541e+05
6.393206e+05 -8.652913e+05 -6.468914e+05
-1.104238e+06 -6.373207e+05 -5.847706e+05
8.129726e+05 2.773300e+05 1.200652e+06
5.672368e+05 4.515038e+05 1.314279e+04
3.066678e+05 3.381672e+04 1.495588e+05
-2.891882e+05 7.081674e+05 7.772610e+05
1.602547e+05 1.213187e+05 -1.521827e+05
2.325111e+05 -1.990399e+05 3.552563e+05
-1.961935e+04 -2.294212e+04 2.923443e+05
1.685570e+05 1.714851e+05 -2.134890e+04
9.089819e+05 7.516354e+04 2.577016e+03
2.882273e+05 -3.710454e+05 -2.238136e+05
2.006726e+05 -9.294419e+05 -2.518563e+05
1.042388e+06 6.109555e+04 3.939814e+05
1.078994e+06 4.860006e+05 6.675838e+05
4.966079e+05 3.102348e+05 -1.885706e+05
1.124024e+06 -2.657599e+05 5.674404e+04
-9.600932e+03 7.908427e+04 -4.726779e+04
2.304836e+05 1.166343e+05 1.438846e+05
-2.743118e+04 2.672582e+05 -1.208144e+05
3.170938e+05 -4.724610e+05 4.300278e+05
-2.093600e+05 -7.709317e+04 -2.381080e+05
6.073152e+05 3.862116e+05 -3.826390e+05
1.438323e+06 -2.862030e+05 -7.108721e+05
3.460019e+05 3.022913e+05 -7.670383e+04
8.751225e+05 -3.301106e+04 -2.156842e+05
-2.979396e+05 -8.430160e+05 -2.426088e+05
4.033944e+05 1.703252e+05 8.033888e+04
3.656825e+05 -9.157944e+04 4.376971e+04
2.469274e+05 -2.981545e+05 4.337979e+05
4.412508e+05 -1.631457e+05 -3.029785e+05
2.754235e+05 -9.761279e+05 -3.216073e+03
-3.339071e+05 -9.050869e+04 -1.404718e+05
-1.411870e+05 3.480717e+05 -2.172643e+05
4.659626e+05 -6.172656e+05 5.394948e+05
6.913272e+05 5.006919e+05 -4.657032e+04
-5.650268e+05 4.506488e+04 7.336447e+05
1.998584e+05 -1.679920e+04 -8.406460e+04
7.113203e+04 -4.743455e+05 5.893743e+05
-5.329216e+02 -3.758223e+05 1.231056e+05
-3.657825e+05 -1.189375e+05 -2.400647e+04
