1.000000000000000021e-03;3.340829137551367321e-16
1.071891319205127554e-03;3.226850818598357480e-16
1.148951000187308554e-03;3.116761072408716949e-16
1.231550603292826162e-03;3.010427233416967475e-16
1.320088400831418048e-03;2.907721162179000203e-16
1.414991297434575876e-03;2.808519090955398312e-16
1.516716888470922469e-03;2.712701474562973438e-16
1.625755666443793376e-03;2.620152846314760616e-16
1.742633386009650835e-03;2.530761678874874040e-16
1.867913599020782755e-03;2.444420249860556157e-16
2.002200371815584384e-03;2.361024512029435429e-16
2.146141197858403554e-03;2.280473967895590702e-16
2.300430119772916854e-03;2.202671548623304573e-16
2.465811075822603882e-03;2.127523497052573594e-16
2.643081486974105387e-03;2.054939254715411334e-16
2.833096101839324091e-03;1.984831352706785394e-16
3.036771118035457451e-03;1.917115306278693915e-16
3.255088599835056357e-03;1.851709513030349320e-16
3.489101213406773684e-03;1.788535154571780962e-16
3.739937302478797687e-03;1.727516101542368297e-16
4.008806328898464194e-03;1.668578821869822117e-16
4.297004704320839599e-03;1.611652292159084096e-16
4.605922041145103958e-03;1.556667912104348629e-16
4.937047852839003374e-03;1.503559421821068120e-16
5.291978735958441891e-03;1.452262821998327053e-16
5.672426068491977225e-03;1.402716296775356631e-16
6.080224261649421272e-03;1.354860139249255291e-16
6.517339604882419792e-03;1.308636679524147868e-16
6.985879746785249485e-03;1.263990215215070122e-16
7.488103857590022727e-03;1.220866944322844968e-16
8.026433522257174491e-03;1.179214900399040153e-16
8.603464416684501043e-03;1.138983889922899803e-16
9.221978823334321326e-03;1.100125431814766082e-16
9.884959046625585791e-03;1.062592699013109945e-16
1.059560179277615859e-02;1.026340462044767126e-16
1.135733358343105071e-02;9.913250345203717901e-17
1.217382727739661427e-02;9.575042204893128259e-17
1.304901978014402254e-02;9.248372635907706261e-17
1.398713102647237971e-02;8.932847979395524249e-17
1.499268432786045671e-02;8.628088006875485653e-17
1.607052818261638441e-02;8.333725462036368756e-17
1.722585965398786695e-02;8.049405618168205644e-17
1.846424942895543569e-02;7.774785850692707855e-17
1.979166867853556291e-02;7.509535224277521361e-17
2.121451784910629787e-02;7.253334094036867514e-17
2.273965752357927361e-02;7.005873720337894820e-17
2.437444150122220626e-02;6.766855896748611539e-17
2.612675225563327805e-02;6.535992590679038903e-17
2.800503894183630979e-02;6.313005596282507734e-17
3.001835813575589110e-02;6.097626199198881367e-17
3.217641750250735400e-02;5.889594852735614592e-17
3.448962260405757929e-02;5.688660865096508818e-17
3.696912707195026265e-02;5.494582097281192717e-17
3.962688638701478139e-02;5.307124671291298017e-17
4.247571552536898165e-02;5.126062688291717247e-17
4.552935074866947679e-02;4.951177956387268572e-17
4.880251583654431069e-02;4.782259727686760581e-17
5.231099308056260527e-02;4.619104444337572835e-17
5.607169938205457810e-02;4.461515493224719751e-17
6.010276782070381879e-02;4.309302969038799921e-17
6.442363508721370147e-02;4.162283445427287897e-17
6.905513520162327723e-02;4.020279753953420841e-17
7.401959996915641327e-02;3.883120770596288531e-17
7.934096665797492343e-02;3.750641209534845254e-17
8.504489341802677627e-02;3.622681423967363517e-17
9.115888299750818380e-02;3.499087213726269940e-17
9.771241535346496254e-02;3.379709639456546093e-17
1.047370897959449682e-01;3.264404843133773631e-17
1.122667773510813566e-01;3.153033874705511295e-17
1.203377840777589275e-01;3.045462524647114023e-17
1.289890261253308079e-01;2.941561162230212805e-17
1.382622173764654905e-01;2.841204579308944992e-17
1.482020705798858529e-01;2.744271839435697149e-17
1.588565129428052836e-01;2.650646132124541253e-17
1.702769172225899463e-01;2.560214632086713575e-17
1.825183494319042588e-01;2.472868363268541623e-17
1.956398343517062877e-01;2.388502067527954255e-17
2.097046401323232889e-01;2.307014077791321756e-17
2.247805833548725263e-01;2.228306195537782844e-17
2.409403560239524456e-01;2.152283572463402646e-17
2.582618760682675041e-01;2.078854596182575031e-17
2.768286630392063907e-01;2.007930779828921242e-17
2.967302408188869367e-01;1.939426655422651461e-17
3.180625692794118997e-01;1.873259670875889387e-17
3.409285069746810781e-01;1.809350090511838447e-17
3.654383070957254454e-01;1.747620898977916347e-17
3.917101490809256625e-01;1.687997708437065520e-17
4.198707084443910054e-01;1.630408668925392863e-17
4.500557675700497251e-01;1.574784381768123051e-17
4.824108704165368522e-01;1.521057815949512387e-17
5.170920242896754893e-01;1.469164227335959145e-17
5.542664520663102001e-01;1.419041080654957580e-17
5.941133984965033532e-01;1.370627974135878479e-17
6.368249944718585853e-01;1.323866566721766197e-17
6.826071834272385841e-01;1.278700507764427602e-17
7.316807143427191962e-01;1.235075369118105760e-17
7.842822061337682005e-01;1.192938579549894196e-17
8.406652885618325355e-01;1.152239361387858336e-17
9.011018251665018353e-01;1.112928669330516117e-17
9.658832241158697984e-01;1.074959131343944233e-17
1.035321843295661681e+00;1.038284991575284177e-17
1.109752496412072187e+00;1.002862055213854197e-17
1.189534067370319637e+00;9.686476352334254927e-18
1.275051240713012790e+00;9.356005009514746437e-18
1.366716356462005955e+00;9.036808283434336962e-18
1.464971398307284955e+00;8.728501520520559618e-18
1.570290124729377457e+00;8.430713190340672478e-18
1.683180353330956613e+00;8.143084437882443866e-18
1.804186409392071866e+00;7.865268651109663695e-18
1.933891750455230207e+00;7.596931043271284276e-18
2.072921779595370051e+00;7.337748249460811068e-18
2.221946860939523649e+00;7.087407936939789358e-18
2.381685551976158166e+00;6.845608428755811996e-18
2.552908068239516659e+00;6.612058340201440870e-18
2.736439997074669339e+00;6.386476227675997809e-18
2.933166278390042514e+00;6.168590249527054970e-18
3.144035471591500208e+00;5.958137838462909254e-18
3.370064329271928116e+00;5.754865385141317549e-18
3.612342699709430338e+00;5.558527932553116301e-18
3.872038781812553232e+00;5.368888880832526909e-18
4.150404757850472137e+00;5.185719702138368343e-18
4.448782831127584991e+00;5.008799665262594960e-18
4.768611697714469244e+00;4.837915569634327154e-18
5.111433483440165126e+00;4.672861488398771473e-18
5.478901179593939297e+00;4.513438520261490099e-18
5.872786613189476590e+00;4.359454549798931250e-18
6.294988990221887626e+00;4.210724015946389570e-18
6.747544053110693163e+00;4.067067688384424000e-18
7.232633896483533498e+00;3.928312451554227751e-18
7.752597488629456635e+00;3.794291096041716398e-18
8.309941949353387258e+00;3.664842117078911666e-18
8.907354638610438968e+00;3.539809519919809652e-18
9.547716114208055771e+00;3.419042631856197606e-18
1.023411402105452694e+01;3.302395920646874813e-18
1.096985797892384085e+01;3.189728819141499267e-18
1.175849554052155810e+01;3.080905555887700862e-18
1.260382929679727404e+01;2.975794991517309086e-18
1.350993521198025071e+01;2.874270460714598985e-18
1.448118227674533109e+01;2.776209619576023169e-18
1.552225357427047925e+01;2.681494298177581734e-18
1.663816886076127233e+01;2.590010358172087183e-18
1.783430876931909381e+01;2.501647555244754415e-18
1.911644075385699892e+01;2.416299406261389518e-18
2.049074689815845929e+01;2.333863060949013165e-18
2.196385372416547099e+01;2.254239177954365452e-18
2.354286414322415411e+01;2.177331805130872738e-18
2.523539170434765921e+01;2.103048263909833964e-18
2.704959730463131606e+01;2.031299037616515483e-18
2.899422853882875017e+01;1.961997663596503758e-18
3.107866187782013867e+01;1.895060629022395009e-18
3.331294787934670154e+01;1.830407270255200732e-18
3.570785964900462517e+01;1.767959675639222152e-18
3.827494478516307197e+01;1.707642591613260677e-18
4.102658105827190127e+01;1.649383332024996138e-18
4.397603609302721139e+01;1.593111690539279226e-18
4.713753134116718968e+01;1.538759856034764435e-18
5.052631065335679494e+01;1.486262330886930356e-18
5.415871378079464904e+01;1.435555852039037262e-18
5.805225516094895966e+01;1.386579314765870051e-18
6.222570836730231036e+01;1.339273699038432256e-18
6.669919663030114521e+01;1.293581998400829225e-18
7.149428986597577307e+01;1.249449151273642774e-18
7.663410868007446197e+01;1.206821974601024876e-18
8.214343584919421914e+01;1.165649099761518230e-18
8.804883581643464652e+01;1.125880910665416500e-18
9.437878277775371316e+01;1.087469483964025170e-18
1.011637979766206996e+02;1.050368531298793835e-18
1.084365968689608621e+02;1.014533343520730867e-18
1.162322468679851823e+02;9.799207368128569964e-19
1.245883364295008136e+02;9.464890006508011049e-19
1.335451562929897307e+02;9.141978475388043257e-19
1.431458937523478596e+02;8.830083644605687009e-19
1.534368408930010048e+02;8.528829659864560513e-19
1.644676177994662680e+02;8.237853489805039832e-19
1.762914118095947913e+02;7.956804488527061047e-19
1.889652339691207601e+02;7.685343973038150530e-19
2.025501939230666437e+02;7.423144815117557953e-19
2.171117945694500975e+02;7.169891047104755923e-19
2.327202478960407177e+02;6.925277481137052174e-19
2.494508135230316554e+02;6.689009341377685921e-19
2.673841615839943984e+02;6.460801908791057346e-19
2.866067616948250247e+02;6.240380178037072523e-19
3.072112998861753113e+02;6.027478526071220243e-19
3.292971255097148173e+02;5.821840392050840809e-19
3.529707302730649872e+02;5.623217968162065681e-19
3.783462617131925185e+02;5.431371900994672914e-19
4.055460735840827624e+02;5.246071003105075408e-19
4.347013158125017753e+02;5.067091974419910799e-19
4.659525668664677482e+02;4.894219133144351776e-19
4.994505115855139934e+02;4.727244155851045183e-19
5.353566677410718739e+02;4.565965826436315696e-19
5.738441648302392650e+02;4.410189793641189891e-19
6.150985788580504732e+02;4.259728336845054978e-19
6.593188271333541479e+02;4.114400139849639281e-19
7.067181273927491247e+02;3.974030072380754933e-19
7.575250258771905010e+02;3.838448979044550795e-19
8.119844993184009354e+02;3.707493475483820278e-19
8.703591361485165407e+02;3.581005751488863868e-19
9.329304026284676183e+02;3.458833380825540781e-19
1.000000000000000000e+03;3.340829137551367402e-19
