1.00000005e-03;2.71455661e-37
9.99999978e-03;7.94689470e-24
1.99999996e-02;1.13997558e-23
2.09999996e-02;1.18445362e-23
2.99999993e-02;1.58475592e-23
3.99999991e-02;1.99255688e-23
4.09999992e-02;2.04457737e-23
4.99999989e-02;2.51276168e-23
5.99999987e-02;3.28572138e-23
6.09999987e-02;3.35363007e-23
6.99999984e-02;3.96480825e-23
7.99999982e-02;4.82014907e-23
8.09999983e-02;4.94786124e-23
8.99999980e-02;6.09727060e-23
1.00000001e-01;7.13023941e-23
1.00999998e-01;7.31063894e-23
1.20999997e-01;1.09186429e-22
1.40999997e-01;1.45266468e-22
1.50000002e-01;1.61502496e-22
1.60999996e-01;1.87429594e-22
1.80999996e-01;2.34569797e-22
2.00000003e-01;2.79353007e-22
2.00999996e-01;2.81729408e-22
2.20999995e-01;3.29257773e-22
2.40999995e-01;3.76786138e-22
2.50000004e-01;3.98173924e-22
2.60999994e-01;4.23361223e-22
2.80999994e-01;4.69156350e-22
3.00000004e-01;5.12661747e-22
3.00999993e-01;5.15337505e-22
3.20999993e-01;5.68853266e-22
3.40999992e-01;6.22369027e-22
3.50000005e-01;6.46451155e-22
3.60999992e-01;6.85728491e-22
3.80999992e-01;7.57141915e-22
4.00000006e-01;8.24984721e-22
4.00999991e-01;8.28959311e-22
4.20999991e-01;9.08452289e-22
4.40999990e-01;9.87945269e-22
4.50000007e-01;1.02371718e-21
4.60999990e-01;1.05582366e-21
4.80999989e-01;1.11419917e-21
5.00000007e-01;1.16965597e-21
5.00999989e-01;1.17064707e-21
5.20999988e-01;1.19046935e-21
5.40999988e-01;1.21029165e-21
5.50000008e-01;1.21921172e-21
5.60999988e-01;1.21830127e-21
5.80999987e-01;1.21664595e-21
6.00000009e-01;1.21507348e-21
6.00999987e-01;1.21458851e-21
6.20999986e-01;1.20488902e-21
6.40999986e-01;1.19518975e-21
6.50000010e-01;1.19082522e-21
6.60999985e-01;1.17499939e-21
6.80999985e-01;1.14622563e-21
7.00000010e-01;1.11889132e-21
7.00999984e-01;1.11616629e-21
7.20999984e-01;1.06166566e-21
7.40999984e-01;1.00716686e-21
7.50000011e-01;9.82643557e-22
7.60999983e-01;9.49413798e-22
7.80999983e-01;8.88999985e-22
8.00000012e-01;8.31612353e-22
8.00999982e-01;8.28964885e-22
8.20999982e-01;7.76022099e-22
8.40999981e-01;7.23090710e-22
8.50000013e-01;6.99278851e-22
8.60999981e-01;6.68615047e-22
8.80999980e-01;6.12885418e-22
9.00000013e-01;5.59971220e-22
9.00999980e-01;5.56995124e-22
9.20999979e-01;4.97511713e-22
9.40999979e-01;4.38083871e-22
9.50000014e-01;4.11375372e-22
9.60999979e-01;3.86310869e-22
9.80999978e-01;3.40836664e-22
1.00000001e+00;2.97752821e-22
1.00099998e+00;2.96276559e-22
1.02099998e+00;2.66911264e-22
1.04099998e+00;2.37759364e-22
1.05000002e+00;2.24760424e-22
1.06099998e+00;2.11074703e-22
1.08099998e+00;1.86509151e-22
1.10000002e+00;1.63551543e-22
1.10099998e+00;1.62569075e-22
1.12099998e+00;1.43434423e-22
1.14099997e+00;1.24918148e-22
1.15000002e+00;1.16903297e-22
1.16099997e+00;1.12121805e-22
1.18099997e+00;1.04286497e-22
1.20000002e+00;9.78689460e-23
1.20099997e+00;9.77607844e-23
1.22099997e+00;9.68396744e-23
1.24099997e+00;9.72677694e-23
1.25000002e+00;9.81808958e-23
1.26099997e+00;1.00081100e-22
1.28099997e+00;1.05503967e-22
1.30000002e+00;1.12694965e-22
1.30099997e+00;1.13157675e-22
1.32099997e+00;1.24625917e-22
1.34099997e+00;1.38692436e-22
1.35000002e+00;1.46422812e-22
1.36099997e+00;1.56880654e-22
1.38099997e+00;1.79054997e-22
1.40000002e+00;2.03059808e-22
1.40099997e+00;2.04365213e-22
1.42099997e+00;2.34142600e-22
1.44099997e+00;2.68149998e-22
1.45000002e+00;2.85194650e-22
1.46099997e+00;3.05892068e-22
1.48099997e+00;3.47154884e-22
1.50000002e+00;3.90610528e-22
1.50099997e+00;3.92948931e-22
1.52099997e+00;4.44521907e-22
1.54099997e+00;4.99808348e-22
1.55000002e+00;5.26248838e-22
1.56099997e+00;5.58954061e-22
1.58099996e+00;6.23040579e-22
1.60000002e+00;6.87910066e-22
1.60099996e+00;6.91331391e-22
1.62099996e+00;7.62036187e-22
1.64099996e+00;8.35212528e-22
1.65000002e+00;8.69810270e-22
1.66099996e+00;9.12194543e-22
1.68099996e+00;9.91214502e-22
1.70000003e+00;1.06593911e-21
1.70099996e+00;1.06988148e-21
1.72099996e+00;1.14953597e-21
1.74099996e+00;1.23065822e-21
1.75000003e+00;1.26634963e-21
1.76099996e+00;1.30995964e-21
1.78099996e+00;1.38581143e-21
1.80000003e+00;1.45671280e-21
1.80099996e+00;1.46044096e-21
1.82099996e+00;1.53299286e-21
1.84099996e+00;1.59946880e-21
1.85000003e+00;1.62678155e-21
1.86099996e+00;1.66019704e-21
1.88099996e+00;1.71770256e-21
1.90000003e+00;1.76671004e-21
1.90099996e+00;1.76929031e-21
1.92099996e+00;1.81178944e-21
1.94099996e+00;1.84780954e-21
1.95000003e+00;1.86176190e-21
1.96099996e+00;1.87881108e-21
1.98099996e+00;1.90088734e-21
2.00000003e+00;1.91267504e-21
2.00099996e+00;1.91329573e-21
2.02099995e+00;1.91985639e-21
2.04099995e+00;1.91984864e-21
2.05000003e+00;1.91528877e-21
2.06099995e+00;1.90971962e-21
2.08099995e+00;1.89152413e-21
2.10000003e+00;1.86951582e-21
2.10099995e+00;1.86835706e-21
2.12099995e+00;1.83773360e-21
2.14099995e+00;1.79835043e-21
2.15000003e+00;1.77843486e-21
2.16099995e+00;1.75409472e-21
2.18099995e+00;1.70617033e-21
2.20000003e+00;1.65474911e-21
2.20099995e+00;1.65204302e-21
2.22099995e+00;1.59310221e-21
2.24099995e+00;1.53283248e-21
2.25000003e+00;1.50469256e-21
2.26099995e+00;1.47030079e-21
2.28099995e+00;1.40407811e-21
2.30000003e+00;1.34014422e-21
2.30099995e+00;1.33677954e-21
2.32099995e+00;1.26991348e-21
2.34099995e+00;1.20171809e-21
2.35000004e+00;1.17061781e-21
2.36099995e+00;1.13260728e-21
2.38099995e+00;1.06515990e-21
2.40000004e+00;1.00257841e-21
2.40099995e+00;9.99285030e-22
2.42099995e+00;9.33905499e-22
2.44099995e+00;8.70456464e-22
2.45000004e+00;8.43287442e-22
2.46099995e+00;8.10080225e-22
2.48099994e+00;7.51611395e-22
2.50000004e+00;6.97597218e-22
2.50099994e+00;6.94754738e-22
2.52099994e+00;6.40749785e-22
2.54099994e+00;5.89524687e-22
2.55000004e+00;5.67344796e-22
2.56099994e+00;5.40235770e-22
2.58099994e+00;4.93455707e-22
2.60000004e+00;4.52039344e-22
2.60099994e+00;4.49859758e-22
2.62099994e+00;4.08830106e-22
2.64099994e+00;3.70004467e-22
2.65000004e+00;3.53745668e-22
2.66099994e+00;3.33874516e-22
2.68099994e+00;3.00371132e-22
2.70000004e+00;2.70541580e-22
2.70099994e+00;2.68971726e-22
2.72099994e+00;2.39837960e-22
2.74099994e+00;2.13292789e-22
2.75000004e+00;2.02386679e-22
2.76099994e+00;1.89057742e-22
2.78099994e+00;1.66885765e-22
2.80000004e+00;1.47900580e-22
2.80099994e+00;1.46901475e-22
2.82099994e+00;1.29006612e-22
2.84099994e+00;1.12876116e-22
2.85000004e+00;1.06383034e-22
2.86099994e+00;9.84469263e-23
2.88099994e+00;8.57482086e-23
2.90000004e+00;7.51309733e-23
2.90099994e+00;7.45722835e-23
2.92099993e+00;6.47003644e-23
2.94099993e+00;5.60612933e-23
2.95000004e+00;5.26713134e-23
2.96099993e+00;4.85276544e-23
2.98099993e+00;4.18976499e-23
3.00000004e+00;3.63649335e-23
3.00099993e+00;3.60737703e-23
3.02099993e+00;3.10134312e-23
3.04099993e+00;2.66046202e-23
3.05000005e+00;2.48636734e-23
3.06099993e+00;2.27362335e-23
3.08099993e+00;1.93622111e-23
3.10000005e+00;1.65804239e-23
3.10099993e+00;1.64339636e-23
3.12099993e+00;1.38826252e-23
3.14099993e+00;1.16747514e-23
3.15000005e+00;1.08278405e-23
3.16099993e+00;9.79351935e-24
3.18099993e+00;8.19733040e-24
3.20000005e+00;6.90933204e-24
3.20099993e+00;6.84150037e-24
3.22099993e+00;5.70077690e-24
3.24099993e+00;4.75154803e-24
3.25000005e+00;4.39599722e-24
3.26099993e+00;3.96173484e-24
3.28099993e+00;3.30574817e-24
3.30000005e+00;2.79068007e-24
3.30099993e+00;2.76358385e-24
3.32099993e+00;2.31226099e-24
3.34099993e+00;1.93110828e-24
3.35000005e+00;1.78585159e-24
3.36099992e+00;1.60818747e-24
3.38099992e+00;1.33439562e-24
3.40000005e+00;1.11180922e-24
3.40099992e+00;1.10009967e-24
3.42099992e+00;8.98933155e-25
3.44099992e+00;7.27700546e-25
3.45000005e+00;6.62753206e-25
3.46099992e+00;5.83643436e-25
3.48099992e+00;4.63997388e-25
3.50000005e+00;3.71682857e-25
3.50099992e+00;3.66765694e-25
3.52099992e+00;2.88613718e-25
3.54099992e+00;2.27453908e-25
3.55000005e+00;2.06241032e-25
3.56099992e+00;1.81132360e-25
3.58099992e+00;1.46942060e-25
3.60000005e+00;1.22825602e-25
3.60099992e+00;1.21476365e-25
3.62099992e+00;1.00767473e-25
3.64099992e+00;8.43761177e-26
3.65000005e+00;7.82730706e-26
3.66099992e+00;7.14507352e-26
3.68099992e+00;6.07235484e-26
3.70000006e+00;5.14770037e-26
3.70099992e+00;5.09605521e-26
3.72099992e+00;4.13894171e-26
3.74099992e+00;3.25733304e-26
3.75000006e+00;2.90163418e-26
3.76099992e+00;2.47112088e-26
3.78099992e+00;1.80630856e-26
3.80000006e+00;1.30366704e-26
3.80099992e+00;1.27861809e-26
3.82099991e+00;9.11178089e-27
3.84099991e+00;6.61209552e-27
3.85000006e+00;5.91139251e-27
3.86099991e+00;4.95713912e-27
3.88099991e+00;3.90956325e-27
3.90000006e+00;3.34926439e-27
3.90099991e+00;3.31810383e-27
3.92099991e+00;2.97025571e-27
3.94099991e+00;2.75114787e-27
3.95000006e+00;2.65436690e-27
3.96099991e+00;2.76551476e-27
3.98099991e+00;2.87960428e-27
4.00000006e+00;2.86822306e-27
4.00099991e+00;2.83687677e-27
4.02099991e+00;2.10525602e-27
4.04099991e+00;1.33902897e-27
4.05000006e+00;1.01864965e-27
4.06099991e+00;9.30463662e-28
4.08099991e+00;8.87565416e-28
4.10000006e+00;9.69877636e-28
4.10099991e+00;9.59184232e-28
4.12099991e+00;8.44901618e-28
4.14099991e+00;7.86223892e-28
4.15000006e+00;7.71079765e-28
4.16099991e+00;6.63644070e-28
4.18099991e+00;4.85818895e-28
4.20000006e+00;3.37169747e-28
4.20099991e+00;3.53662399e-28
4.22099991e+00;7.01009243e-28
4.24099991e+00;1.04559878e-27
4.25000006e+00;1.18722532e-27
4.26099990e+00;9.79900584e-28
4.28099990e+00;5.58290416e-28
4.30000006e+00;1.24403848e-28
4.30099990e+00;1.32446071e-28
4.32099990e+00;2.86625150e-28
4.34099990e+00;4.62508912e-28
4.35000006e+00;5.55975378e-28
4.36099990e+00;4.73690275e-28
4.38099990e+00;3.44442720e-28
4.40000007e+00;2.21633175e-28
4.40099990e+00;2.18905911e-28
4.42099990e+00;1.52256159e-28
4.44099990e+00;7.75885858e-29
4.45000007e+00;4.63989778e-29
4.46099990e+00;1.05383372e-28
4.48099990e+00;2.26664325e-28
4.50000007e+00;3.50810054e-28
4.50099990e+00;3.48121408e-28
4.52099990e+00;2.89896369e-28
4.54099990e+00;2.16392011e-28
4.55000007e+00;1.77147576e-28
4.56099990e+00;1.64753794e-28
4.58099990e+00;1.40762961e-28
4.60000007e+00;1.27939321e-28
4.60099990e+00;1.37319467e-28
4.62099990e+00;3.37256980e-28
4.64099990e+00;5.40743592e-28
4.65000007e+00;6.29223279e-28
4.66099990e+00;4.97487948e-28
4.68099990e+00;2.48622787e-28
4.70000007e+00;1.00696961e-29
4.70099989e+00;2.42419729e-29
4.72099989e+00;3.14778882e-28
4.74099989e+00;6.14653388e-28
4.75000007e+00;7.50708690e-28
4.76099989e+00;6.49050609e-28
4.78099989e+00;4.57299042e-28
4.80000007e+00;2.65866222e-28
4.80099989e+00;2.68152517e-28
4.82099989e+00;3.10583990e-28
4.84099989e+00;3.59310221e-28
4.85000007e+00;3.85672566e-28
4.86099989e+00;4.24876392e-28
4.88099989e+00;5.00104400e-28
4.90000007e+00;5.66070025e-28
4.90099989e+00;5.56133817e-28
4.92099989e+00;3.47424943e-28
4.94099989e+00;1.34312444e-28
4.95000007e+00;4.09649766e-29
4.96099989e+00;1.33824790e-28
4.98099989e+00;3.13269193e-28
5.00000007e+00;4.88883240e-28
5.00099989e+00;4.81105579e-28
5.02099989e+00;3.20289895e-28
5.04099989e+00;1.48200554e-28
5.05000008e+00;6.77366381e-29
5.06099989e+00;7.89009415e-29
5.08099989e+00;1.03573971e-28
5.10000008e+00;1.38059996e-28
5.10099989e+00;1.40069491e-28
5.12099989e+00;1.88295336e-28
5.14099989e+00;2.33243510e-28
5.15000008e+00;2.48175391e-28
5.16099988e+00;1.99575025e-28
5.18099988e+00;1.01838753e-28
5.20000008e+00;1.08072360e-29
5.20099988e+00;1.43017857e-29
5.22099988e+00;9.57578953e-29
5.24099988e+00;1.87683008e-28
5.25000008e+00;2.28840516e-28
5.26099988e+00;2.45659822e-28
5.28099988e+00;2.65186747e-28
5.30000008e+00;2.72908591e-28
5.30099988e+00;2.68153004e-28
5.32099988e+00;1.71853892e-28
5.34099988e+00;8.56659752e-29
5.35000008e+00;5.22166761e-29
5.36099988e+00;1.65315337e-28
5.38099988e+00;3.73484306e-28
5.40000008e+00;5.62633072e-28
5.40099988e+00;5.52498535e-28
5.42099988e+00;3.37747859e-28
5.44099988e+00;1.19262172e-28
5.45000008e+00;2.44621177e-29
5.46099988e+00;1.25684332e-28
5.48099988e+00;3.21509908e-28
5.50000008e+00;5.11911056e-28
5.50099988e+00;5.06724791e-28
5.52099988e+00;3.96289417e-28
5.54099988e+00;2.74494941e-28
5.55000008e+00;2.17354473e-28
5.56099988e+00;2.11690488e-28
5.58099988e+00;2.07027580e-28
5.60000008e+00;2.12783224e-28
5.60099987e+00;2.15903983e-28
5.62099987e+00;2.83796393e-28
5.64099987e+00;3.46933492e-28
5.65000008e+00;3.70832810e-28
5.66099987e+00;2.93106817e-28
5.68099987e+00;1.46264998e-28
5.70000008e+00;1.06293905e-29
5.70099987e+00;1.53667008e-29
5.72099987e+00;1.19462149e-28
5.74099987e+00;2.28953684e-28
5.75000009e+00;2.76632170e-28
5.76099987e+00;2.34218576e-28
5.78099987e+00;1.48460203e-28
5.80000009e+00;6.21139112e-29
5.80099987e+00;6.17703016e-29
5.82099987e+00;5.80993626e-29
5.84099987e+00;6.24563441e-29
5.85000009e+00;6.65773817e-29
5.86099987e+00;9.66186756e-29
5.88099987e+00;1.48277216e-28
5.90000009e+00;1.90285380e-28
5.90099987e+00;1.19884391e-29
5.92099987e+00;4.66038774e-30
5.94099987e+00;1.88075504e-31
5.96099987e+00;2.67491874e-30
