0.00000000e+00;4.17811165e-19
1.00000000e-01;4.17811165e-19
1.20000000e-01;4.01689033e-19
1.40000000e-01;3.87017097e-19
1.60000000e-01;3.73660812e-19
1.80000000e-01;3.61491280e-19
2.00000000e-01;3.50389709e-19
2.20000000e-01;3.40248985e-19
2.40000000e-01;3.30974350e-19
2.60000000e-01;3.22483444e-19
2.80000000e-01;3.14711800e-19
3.00000000e-01;3.07696171e-19
3.20000000e-01;3.00301228e-19
3.40000000e-01;2.94680328e-19
3.60000000e-01;2.89117393e-19
3.80000000e-01;2.83956737e-19
4.00000000e-01;2.79178181e-19
4.20000000e-01;2.74752388e-19
4.40000000e-01;2.70649776e-19
4.60000000e-01;2.66843471e-19
4.80000000e-01;2.63309135e-19
5.00000000e-01;2.60024452e-19
5.20000000e-01;2.56969376e-19
5.40000000e-01;2.54125805e-19
5.60000000e-01;2.51477585e-19
5.80000000e-01;2.49009628e-19
6.00000000e-01;2.46709022e-19
6.20000000e-01;2.44563885e-19
6.40000000e-01;2.42563667e-19
6.60000000e-01;2.40699062e-19
6.80000000e-01;2.38962002e-19
7.00000000e-01;2.37346020e-19
7.20000000e-01;2.35846119e-19
7.40000000e-01;2.34459152e-19
7.60000000e-01;2.33185615e-19
7.80000000e-01;2.32030373e-19
8.00000000e-01;2.31008282e-19
8.20000000e-01;2.30155983e-19
8.40000000e-01;2.29569149e-19
8.60000000e-01;2.29566460e-19
8.80000000e-01;2.32065296e-19
9.00000000e-01;3.07579708e-19
9.20000000e-01;2.20095081e-19
9.40000000e-01;2.21211300e-19
9.60000000e-01;2.21216373e-19
9.80000000e-01;2.20935402e-19
1.00000000e+00;2.20559215e-19
1.02000000e+00;2.20154495e-19
1.04000000e+00;2.19749775e-19
1.06000000e+00;2.19358864e-19
1.08000000e+00;2.18988991e-19
1.10000000e+00;2.18644009e-19
1.12000000e+00;2.18325825e-19
1.14000000e+00;2.18035603e-19
1.16000000e+00;2.17773552e-19
1.18000000e+00;2.17539597e-19
1.20000000e+00;2.17333565e-19
1.22000000e+00;2.17155056e-19
1.24000000e+00;2.17003422e-19
1.26000000e+00;2.16878014e-19
1.28000000e+00;2.16778507e-19
1.30000000e+00;2.16703835e-19
1.32000000e+00;2.16653481e-19
1.34000000e+00;2.16626854e-19
1.36000000e+00;2.16623135e-19
1.38000000e+00;2.16641693e-19
1.40000000e+00;2.16681862e-19
1.42000000e+00;2.16742973e-19
1.44000000e+00;2.16824207e-19
1.46000000e+00;2.16925163e-19
1.48000000e+00;2.17044868e-19
1.50000000e+00;2.17182999e-19
1.52000000e+00;2.17338543e-19
1.54000000e+00;2.17511158e-19
1.56000000e+00;2.17700214e-19
1.58000000e+00;2.17904930e-19
1.60000000e+00;2.18124771e-19
1.62000000e+00;2.18359261e-19
1.64000000e+00;2.18607750e-19
1.66000000e+00;2.18869743e-19
1.68000000e+00;2.19144630e-19
1.70000000e+00;2.19432030e-19
1.72000000e+00;2.19731293e-19
1.74000000e+00;2.20042057e-19
1.76000000e+00;2.20363903e-19
1.78000000e+00;2.20696354e-19
1.80000000e+00;2.21038952e-19
1.82000000e+00;2.21391563e-19
1.84000000e+00;2.21753750e-19
1.86000000e+00;2.22125072e-19
1.88000000e+00;2.22505512e-19
1.90000000e+00;2.22894955e-19
1.92000000e+00;3.91279259e-19
1.94000000e+00;3.93535194e-19
1.96000000e+00;3.95805473e-19
1.98000000e+00;3.98087425e-19
2.00000000e+00;4.00382156e-19
2.02000000e+00;4.02688217e-19
2.04000000e+00;4.05004311e-19
2.06000000e+00;4.07329750e-19
2.08000000e+00;4.09664955e-19
2.10000000e+00;4.12008553e-19
2.12000000e+00;4.14360657e-19
2.14000000e+00;4.16720848e-19
2.16000000e+00;4.19089203e-19
2.18000000e+00;4.21465340e-19
2.20000000e+00;4.23849754e-19
2.22000000e+00;4.26241798e-19
2.24000000e+00;4.28643112e-19
2.26000000e+00;4.31053162e-19
2.28000000e+00;4.33472671e-19
2.30000000e+00;4.35902138e-19
2.32000000e+00;4.38343010e-19
2.34000000e+00;4.40795631e-19
2.36000000e+00;4.43262711e-19
2.38000000e+00;4.45745621e-19
2.40000000e+00;4.48247490e-19
2.42000000e+00;4.50775833e-19
2.44000000e+00;4.53351440e-19
2.46000000e+00;4.55918045e-19
2.48000000e+00;4.58395462e-19
2.50000000e+00;4.60895691e-19
2.52000000e+00;4.63411789e-19
2.54000000e+00;4.65941238e-19
2.56000000e+00;4.68485603e-19
2.58000000e+00;4.71044579e-19
2.60000000e+00;4.73619614e-19
2.62000000e+00;4.76211014e-19
2.64000000e+00;4.78819313e-19
2.66000000e+00;4.81446724e-19
2.68000000e+00;4.84092598e-19
2.70000000e+00;4.86758614e-19
2.72000000e+00;4.89446716e-19
2.74000000e+00;4.92157250e-19
2.76000000e+00;4.94876518e-19
2.78000000e+00;4.97637138e-19
2.80000000e+00;5.00416641e-19
2.82000000e+00;5.03221397e-19
2.84000000e+00;5.06051331e-19
2.86000000e+00;5.08907547e-19
2.88000000e+00;5.11790085e-19
2.90000000e+00;5.14701195e-19
2.92000000e+00;5.17639809e-19
2.94000000e+00;5.20606766e-19
2.96000000e+00;5.23602943e-19
2.98000000e+00;5.26627846e-19
3.00000000e+00;5.29683037e-19
3.02000000e+00;5.32767525e-19
3.04000000e+00;5.35882378e-19
3.06000000e+00;5.39027443e-19
3.08000000e+00;5.42203407e-19
3.10000000e+00;5.45408821e-19
3.12000000e+00;5.48644371e-19
3.14000000e+00;5.51911087e-19
3.16000000e+00;5.55207252e-19
3.18000000e+00;5.58534279e-19
3.20000000e+00;5.61890907e-19
3.22000000e+00;5.65276756e-19
3.24000000e+00;5.68692284e-19
3.26000000e+00;5.72136192e-19
3.28000000e+00;5.75608330e-19
3.30000000e+00;5.79108505e-19
3.32000000e+00;5.82636948e-19
3.34000000e+00;5.86191750e-19
3.36000000e+00;5.89771805e-19
3.38000000e+00;5.93379059e-19
3.40000000e+00;5.97010879e-19
3.42000000e+00;6.00665436e-19
3.44000000e+00;6.04344406e-19
3.46000000e+00;6.08046341e-19
3.48000000e+00;6.11768150e-19
3.50000000e+00;6.15512619e-19
3.52000000e+00;6.19275169e-19
3.54000000e+00;6.23058014e-19
3.56000000e+00;6.26856689e-19
3.58000000e+00;6.30673408e-19
3.60000000e+00;6.34506264e-19
3.62000000e+00;6.38352280e-19
3.64000000e+00;6.42211456e-19
3.66000000e+00;6.46083298e-19
3.68000000e+00;6.49966736e-19
3.70000000e+00;6.53858948e-19
3.72000000e+00;6.57759247e-19
3.74000000e+00;6.61667404e-19
3.76000000e+00;6.65580444e-19
3.78000000e+00;6.69497833e-19
3.80000000e+00;6.73417816e-19
3.82000000e+00;6.77339630e-19
3.84000000e+00;6.81260910e-19
3.86000000e+00;6.85181580e-19
3.88000000e+00;6.89098129e-19
3.90000000e+00;6.93010178e-19
3.92000000e+00;6.96917267e-19
3.94000000e+00;7.00815201e-19
3.96000000e+00;7.04704513e-19
3.98000000e+00;7.08581696e-19
4.00000000e+00;7.12446594e-19
4.02000000e+00;7.16295700e-19
4.04000000e+00;7.20130310e-19
4.06000000e+00;7.23946152e-19
4.08000000e+00;7.27741928e-19
4.10000000e+00;7.31515350e-19
4.12000000e+00;7.35265732e-19
4.14000000e+00;7.38990250e-19
4.16000000e+00;7.42688370e-19
4.18000000e+00;7.46357193e-19
4.20000000e+00;7.49992218e-19
4.22000000e+00;7.53599243e-19
4.24000000e+00;7.57167053e-19
4.26000000e+00;7.60700913e-19
4.28000000e+00;7.64194946e-19
4.30000000e+00;7.67646408e-19
4.32000000e+00;7.71058273e-19
4.34000000e+00;7.74424896e-19
4.36000000e+00;7.77745285e-19
4.38000000e+00;7.81017456e-19
4.40000000e+00;7.84241943e-19
4.42000000e+00;7.87413101e-19
4.44000000e+00;7.90531158e-19
4.46000000e+00;7.93594284e-19
4.48000000e+00;7.96602936e-19
4.50000000e+00;7.99553146e-19
4.52000000e+00;8.02445221e-19
4.54000000e+00;8.05276337e-19
4.56000000e+00;8.08044205e-19
4.58000000e+00;8.10751190e-19
4.60000000e+00;8.13393936e-19
4.62000000e+00;8.15970764e-19
4.64000000e+00;8.18481751e-19
4.66000000e+00;8.20926895e-19
4.68000000e+00;8.23303299e-19
4.70000000e+00;8.25610733e-19
4.72000000e+00;8.27851868e-19
4.74000000e+00;8.30022659e-19
4.76000000e+00;8.32124557e-19
4.78000000e+00;8.34158249e-19
4.80000000e+00;8.36121368e-19
4.82000000e+00;8.38013611e-19
4.84000000e+00;8.39833221e-19
4.86000000e+00;8.41585846e-19
4.88000000e+00;8.43272781e-19
4.90000000e+00;8.44888992e-19
4.92000000e+00;8.46434479e-19
4.94000000e+00;8.47913513e-19
4.96000000e+00;8.49326630e-19
4.98000000e+00;8.50673141e-19
5.00000000e+00;8.51953583e-19
5.02000000e+00;8.53168487e-19
5.04000000e+00;8.54321976e-19
5.06000000e+00;8.55409088e-19
5.08000000e+00;8.56433945e-19
5.10000000e+00;8.57402802e-19
5.12000000e+00;8.58309402e-19
5.14000000e+00;8.59155273e-19
5.16000000e+00;8.59942780e-19
5.18000000e+00;8.60676804e-19
5.20000000e+00;8.61357956e-19
5.22000000e+00;8.61986999e-19
5.24000000e+00;8.62561340e-19
5.26000000e+00;8.63094253e-19
5.28000000e+00;8.63570328e-19
5.30000000e+00;8.63996811e-19
5.32000000e+00;8.64375687e-19
5.34000000e+00;8.64715652e-19
5.36000000e+00;8.65000992e-19
5.38000000e+00;8.65240707e-19
5.40000000e+00;8.65449829e-19
5.42000000e+00;8.65614624e-19
5.44000000e+00;8.65741425e-19
5.46000000e+00;8.65823441e-19
5.48000000e+00;8.65874481e-19
5.50000000e+00;8.65887833e-19
5.52000000e+00;8.65872726e-19
5.54000000e+00;8.65814362e-19
5.56000000e+00;8.65724411e-19
5.58000000e+00;8.65604324e-19
5.60000000e+00;8.65454483e-19
5.62000000e+00;8.65283356e-19
5.64000000e+00;8.65070801e-19
5.66000000e+00;8.64846573e-19
5.68000000e+00;8.64592285e-19
5.70000000e+00;8.64296188e-19
5.72000000e+00;8.64000854e-19
5.74000000e+00;8.63662720e-19
5.76000000e+00;8.63310547e-19
5.78000000e+00;8.62929764e-19
5.80000000e+00;8.62531891e-19
5.82000000e+00;8.62124634e-19
5.84000000e+00;8.61673889e-19
5.86000000e+00;8.61206055e-19
5.88000000e+00;8.60750198e-19
5.90000000e+00;8.60222092e-19
5.92000000e+00;8.59709778e-19
5.94000000e+00;8.59170914e-19
5.96000000e+00;8.58611450e-19
5.98000000e+00;8.57983322e-19
6.00000000e+00;8.57312164e-19
6.02000000e+00;8.56783524e-19
6.04000000e+00;8.56220169e-19
6.06000000e+00;8.55643005e-19
6.08000000e+00;8.55066299e-19
6.10000000e+00;8.54446030e-19
6.12000000e+00;8.53856354e-19
6.14000000e+00;8.53269043e-19
6.16000000e+00;8.52624054e-19
6.18000000e+00;8.52001953e-19
6.20000000e+00;8.51397781e-19
6.22000000e+00;8.50678177e-19
6.24000000e+00;8.50050735e-19
6.26000000e+00;8.49483719e-19
6.28000000e+00;8.48789139e-19
6.30000000e+00;8.47994232e-19
6.32000000e+00;8.47426300e-19
6.34000000e+00;8.46683960e-19
6.36000000e+00;8.46188049e-19
6.38000000e+00;8.45543594e-19
6.40000000e+00;8.44926071e-19
6.42000000e+00;8.44152222e-19
6.44000000e+00;8.43020859e-19
6.46000000e+00;8.41865768e-19
6.48000000e+00;8.67992706e-19
6.50000000e+00;8.35420151e-19
6.52000000e+00;8.40731735e-19
6.56000000e+00;8.36230087e-19
6.58000000e+00;8.38369446e-19
6.60000000e+00;8.38905945e-19
6.62000000e+00;8.37747040e-19
6.64000000e+00;8.36674805e-19
6.66000000e+00;8.37334824e-19
6.68000000e+00;8.36745605e-19
6.70000000e+00;8.36407242e-19
6.72000000e+00;8.36266556e-19
6.74000000e+00;8.36002426e-19
6.76000000e+00;8.35985260e-19
6.78000000e+00;8.35947952e-19
6.80000000e+00;8.36739960e-19
6.82000000e+00;8.38143387e-19
6.84000000e+00;8.37621536e-19
6.86000000e+00;8.38425674e-19
6.88000000e+00;8.39784546e-19
6.90000000e+00;8.41476593e-19
6.92000000e+00;8.43573532e-19
6.94000000e+00;8.46206818e-19
6.96000000e+00;8.49402084e-19
6.98000000e+00;8.53206940e-19
7.00000000e+00;8.57567902e-19
7.02000000e+00;8.62227325e-19
7.04000000e+00;8.66863098e-19
7.06000000e+00;8.70986175e-19
7.08000000e+00;8.74087753e-19
7.10000000e+00;8.75521011e-19
7.12000000e+00;8.75111847e-19
7.14000000e+00;8.72936554e-19
7.16000000e+00;8.69327698e-19
7.18000000e+00;8.64823303e-19
7.20000000e+00;8.59838562e-19
7.22000000e+00;8.54833069e-19
7.24000000e+00;8.49969253e-19
7.26000000e+00;8.45480576e-19
7.28000000e+00;8.41282043e-19
7.30000000e+00;8.37512054e-19
7.32000000e+00;8.34108353e-19
7.34000000e+00;8.31017761e-19
7.36000000e+00;8.28213425e-19
7.38000000e+00;8.25686798e-19
7.40000000e+00;8.23354797e-19
7.42000000e+00;8.21229172e-19
7.44000000e+00;8.19277801e-19
7.46000000e+00;8.17461624e-19
7.48000000e+00;8.15778656e-19
7.50000000e+00;8.14193268e-19
7.52000000e+00;8.12722855e-19
7.54000000e+00;8.11333389e-19
7.56000000e+00;8.09982376e-19
7.58000000e+00;8.08716583e-19
7.60000000e+00;8.07509766e-19
7.62000000e+00;8.06368332e-19
7.64000000e+00;8.05272369e-19
7.66000000e+00;8.04211578e-19
7.68000000e+00;8.03183441e-19
7.70000000e+00;8.02181625e-19
7.72000000e+00;8.01236114e-19
7.74000000e+00;8.00281143e-19
7.76000000e+00;7.99405594e-19
7.78000000e+00;7.98503571e-19
7.80000000e+00;7.97642670e-19
7.82000000e+00;7.96777115e-19
7.84000000e+00;7.95975952e-19
7.86000000e+00;7.95162735e-19
7.88000000e+00;7.94376450e-19
7.90000000e+00;7.93639603e-19
7.92000000e+00;7.92910843e-19
7.94000000e+00;7.92119522e-19
7.96000000e+00;7.91331711e-19
7.98000000e+00;7.90693359e-19
8.00000000e+00;7.90023880e-19
8.02000000e+00;7.89089508e-19
8.04000000e+00;7.88818130e-19
8.06000000e+00;7.88143692e-19
8.08000000e+00;7.87103195e-19
8.10000000e+00;7.85919800e-19
8.12000000e+00;8.00943375e-19
8.14000000e+00;7.85276032e-19
8.16000000e+00;7.85515442e-19
8.18000000e+00;7.84075470e-19
8.20000000e+00;7.83424606e-19
8.22000000e+00;7.82724991e-19
8.24000000e+00;7.82144546e-19
8.26000000e+00;7.81546860e-19
8.28000000e+00;7.80951233e-19
8.30000000e+00;7.80354767e-19
8.32000000e+00;7.79779358e-19
8.34000000e+00;7.79197311e-19
8.36000000e+00;7.78619842e-19
8.38000000e+00;7.78054504e-19
8.40000000e+00;7.77502365e-19
8.42000000e+00;7.76928711e-19
8.44000000e+00;7.76382446e-19
8.46000000e+00;7.75816879e-19
8.48000000e+00;7.75273361e-19
8.50000000e+00;7.74730682e-19
8.52000000e+00;7.74194183e-19
8.54000000e+00;7.73635788e-19
8.56000000e+00;7.73151245e-19
8.58000000e+00;7.73199615e-19
8.60000000e+00;7.70791473e-19
8.62000000e+00;7.71592255e-19
8.64000000e+00;7.71076736e-19
8.66000000e+00;7.70553284e-19
8.68000000e+00;7.69940338e-19
8.70000000e+00;7.69512940e-19
