1.000000000000000021e-03;2.330500080040669387e-18
1.071891319205127554e-03;2.287554509557248556e-18
1.148951000187308554e-03;2.245242357529778656e-18
1.231550603292826162e-03;2.203558905928230311e-18
1.320088400831418048e-03;2.162499436722576457e-18
1.414991297434575876e-03;2.122059231882787718e-18
1.516716888470922469e-03;2.082233573378836645e-18
1.625755666443793376e-03;2.043017743180694632e-18
1.742633386009650835e-03;2.004407023258332304e-18
1.867913599020782755e-03;1.966396695581721441e-18
2.002200371815584384e-03;1.928982042120834592e-18
2.146141197858403554e-03;1.892158344845642768e-18
2.300430119772916854e-03;1.855920885726117363e-18
2.465811075822603882e-03;1.820264946732229387e-18
2.643081486974105387e-03;1.785185809833951776e-18
2.833096101839324091e-03;1.750678757001255153e-18
3.036771118035457451e-03;1.716739070204111106e-18
3.255088599835056357e-03;1.683362031412491415e-18
3.489101213406773684e-03;1.650542922596367090e-18
3.739937302478797687e-03;1.618277025725710873e-18
4.008806328898464194e-03;1.586559622770493389e-18
4.297004704320839599e-03;1.555385995700686418e-18
4.605922041145103958e-03;1.524751426486261162e-18
4.937047852839003374e-03;1.494651197097189400e-18
5.291978735958441891e-03;1.465080589503443107e-18
5.672426068491977225e-03;1.436034885674993675e-18
6.080224261649421272e-03;1.407509367581812308e-18
6.517339604882419792e-03;1.379499317193870977e-18
6.985879746785249485e-03;1.352000016481140693e-18
7.488103857590022727e-03;1.325006747413593043e-18
8.026433522257174491e-03;1.298514791961200577e-18
8.603464416684501043e-03;1.272519432093934112e-18
9.221978823334321326e-03;1.247015949781765043e-18
9.884959046625585791e-03;1.221999626994664764e-18
1.059560179277615859e-02;1.197465745702605634e-18
1.135733358343105071e-02;1.173409587875558469e-18
1.217382727739661427e-02;1.149826435483495434e-18
1.304901978014402254e-02;1.126711570496387540e-18
1.398713102647237971e-02;1.104060274884206758e-18
1.499268432786045671e-02;1.081867830616924290e-18
1.607052818261638441e-02;1.060129519664511917e-18
1.722585965398786695e-02;1.038840623996941034e-18
1.846424942895543569e-02;1.017996425584183420e-18
1.979166867853556291e-02;9.975922063962106625e-19
2.121451784910629787e-02;9.776232484029937713e-19
2.273965752357927361e-02;9.580848335745049114e-19
2.437444150122220626e-02;9.389722438807150925e-19
2.612675225563327805e-02;9.202807612915966722e-19
2.800503894183630979e-02;9.020056677771204675e-19
3.001835813575589110e-02;8.841422453072584510e-19
3.217641750250735400e-02;8.666857758519819211e-19
3.448962260405757929e-02;8.496315413812623688e-19
3.696912707195026265e-02;8.329748238650717667e-19
3.962688638701478139e-02;8.167109052733812207e-19
4.247571552536898165e-02;8.008350675761626070e-19
4.552935074866947679e-02;7.853425927433875129e-19
4.880251583654431069e-02;7.702287627450268517e-19
5.231099308056260527e-02;7.554888595510529812e-19
5.607169938205457810e-02;7.411181651314370072e-19
6.010276782070381879e-02;7.271119614561507096e-19
6.442363508721370147e-02;7.134655304951655794e-19
6.905513520162327723e-02;7.001741542184529153e-19
7.401959996915641327e-02;6.872331145959846896e-19
7.934096665797492343e-02;6.746376935977322008e-19
8.504489341802677627e-02;6.623831731936672289e-19
9.115888299750818380e-02;6.504648353537609761e-19
9.771241535346496254e-02;6.388779620479852222e-19
1.047370897959449682e-01;6.276178352463113621e-19
1.122667773510813566e-01;6.166797369187111757e-19
1.203377840777589275e-01;6.060589490351562502e-19
1.289890261253308079e-01;5.957507535656179806e-19
1.382622173764654905e-01;5.857504324800678577e-19
1.482020705798858529e-01;5.760532677484773728e-19
1.588565129428052836e-01;5.666545413408184019e-19
1.702769172225899463e-01;5.575495352270623399e-19
1.825183494319042588e-01;5.487335313771806779e-19
1.956398343517062877e-01;5.402018117611450994e-19
2.097046401323232889e-01;5.319496583489269992e-19
2.247805833548725263e-01;5.239723531104980610e-19
2.409403560239524456e-01;5.162651780158297758e-19
2.582618760682675041e-01;5.088234150348938273e-19
2.768286630392063907e-01;5.016423461376616101e-19
2.967302408188869367e-01;4.947172532941046154e-19
3.180625692794118997e-01;4.880434184741946232e-19
3.409285069746810781e-01;4.816161236479030280e-19
3.654383070957254454e-01;4.754306507852015137e-19
3.917101490809256625e-01;4.694822818560614749e-19
4.198707084443910054e-01;4.637662988304546917e-19
4.500557675700497251e-01;4.582779836783523660e-19
4.824108704165368522e-01;4.530126183697264706e-19
5.170920242896754893e-01;4.479654848745483038e-19
5.542664520663102001e-01;4.431318651627893567e-19
5.941133984965033532e-01;4.385070412044213130e-19
6.368249944718585853e-01;4.340862949694158562e-19
6.826071834272385841e-01;4.298649084277443330e-19
7.316807143427191962e-01;4.258381635493783789e-19
7.842822061337682005e-01;4.220013423042894368e-19
8.406652885618325355e-01;4.183497266624492867e-19
9.011018251665018353e-01;4.148785985938292750e-19
9.658832241158697984e-01;4.115832400684010856e-19
1.035321843295661681e+00;4.084589330561362094e-19
1.109752496412072187e+00;4.055009595270061374e-19
1.189534067370319637e+00;4.027046014509826015e-19
1.275051240713012790e+00;4.000651407980370446e-19
1.366716356462005955e+00;3.975778595381410541e-19
1.464971398307284955e+00;3.952380396412661209e-19
1.570290124729377457e+00;3.930409630773838805e-19
1.683180353330956613e+00;3.909819118164658241e-19
1.804186409392071866e+00;3.890561678284835871e-19
1.933891750455230207e+00;3.872590130834086606e-19
2.072921779595370051e+00;3.855857295512125356e-19
2.221946860939523649e+00;3.840315992018669439e-19
2.381685551976158166e+00;3.825919040053432803e-19
2.552908068239516659e+00;3.812619259316131802e-19
2.736439997074669339e+00;3.800369469506482310e-19
2.933166278390042514e+00;3.789122490324198756e-19
3.144035471591500208e+00;3.778831141468997014e-19
3.370064329271928116e+00;3.769448242640592957e-19
3.612342699709430338e+00;3.760926613538702940e-19
3.872038781812553232e+00;3.753219073863040911e-19
4.150404757850472137e+00;3.746278443313323705e-19
4.448782831127584991e+00;3.740057541589265753e-19
4.768611697714469244e+00;3.734509188390583408e-19
5.111433483440165126e+00;3.729586203416992064e-19
5.478901179593939297e+00;3.725241406368206629e-19
5.872786613189476590e+00;3.721427616943943942e-19
6.294988990221887626e+00;3.718097654843918912e-19
6.747544053110693163e+00;3.715204339767846450e-19
7.232633896483533498e+00;3.712700491415442911e-19
7.752597488629456635e+00;3.710538929486423687e-19
8.309941949353387258e+00;3.708672473680504170e-19
8.907354638610438968e+00;3.707053943697400233e-19
9.547716114208055771e+00;3.705636159236826786e-19
1.023411402105452694e+01;3.704371939998499704e-19
1.096985797892384085e+01;3.703214105682134860e-19
1.175849554052155810e+01;3.702115475987447646e-19
1.260382929679727404e+01;3.701028870614153453e-19
1.350993521198025071e+01;3.699907109261967674e-19
1.448118227674533109e+01;3.698703011630605701e-19
1.552225357427047925e+01;3.697369397419783889e-19
1.663816886076127233e+01;3.695859086329217629e-19
1.783430876931909381e+01;3.694124898058622314e-19
1.911644075385699892e+01;3.692119652307712854e-19
2.049074689815845929e+01;3.689796168776206086e-19
2.196385372416547099e+01;3.687107267163815957e-19
2.354286414322415411e+01;3.684005767170258822e-19
2.523539170434765921e+01;3.680444488495250073e-19
2.704959730463131606e+01;3.676376250838506065e-19
2.899422853882875017e+01;3.671753873899741709e-19
3.107866187782013867e+01;3.666530177378671915e-19
3.331294787934670154e+01;3.660657980975013519e-19
3.570785964900462517e+01;3.654090104388481433e-19
3.827494478516307197e+01;3.646779367318791047e-19
4.102658105827190127e+01;3.638678589465658236e-19
4.397603609302721139e+01;3.629740590528798392e-19
4.713753134116718968e+01;3.619918190207927387e-19
5.052631065335679494e+01;3.609164208202759652e-19
5.415871378079464904e+01;3.597431464213011540e-19
5.805225516094895966e+01;3.584672777938399407e-19
6.222570836730231036e+01;3.570840969078636719e-19
6.669919663030114521e+01;3.555888857333441757e-19
7.149428986597577307e+01;3.539769262402527987e-19
7.663410868007446197e+01;3.522435003985611764e-19
8.214343584919421914e+01;3.503838901782407035e-19
8.804883581643464652e+01;3.483933775492631600e-19
9.437878277775371316e+01;3.462672444816001814e-19
1.011637979766206996e+02;3.440007729452228735e-19
1.084365968689608621e+02;3.415892449101033534e-19
1.162322468679851823e+02;3.390279423462126787e-19
1.245883364295008136e+02;3.363121472235228219e-19
1.335451562929897307e+02;3.334371415120049853e-19
1.431458937523478596e+02;3.303982071816309969e-19
1.534368408930010048e+02;3.271906262023721551e-19
1.644676177994662680e+02;3.238096805442002882e-19
1.762914118095947913e+02;3.202506521770866944e-19
1.889652339691207601e+02;3.165088230710032502e-19
2.025501939230666437e+02;3.125794751959210612e-19
2.171117945694500975e+02;3.084578905218121964e-19
2.327202478960407177e+02;3.041393510186476653e-19
2.494508135230316554e+02;2.996191386563992961e-19
2.673841615839943984e+02;2.948925354050390130e-19
2.866067616948250247e+02;2.899548232345378257e-19
3.072112998861753113e+02;2.848012841148673215e-19
3.292971255097148173e+02;2.794272000159993767e-19
3.529707302730649872e+02;2.738278529079052415e-19
3.783462617131925185e+02;2.679985247605567441e-19
4.055460735840827624e+02;2.619344975439251828e-19
4.347013158125017753e+02;2.556310532279825304e-19
4.659525668664677482e+02;2.490834737826995554e-19
4.994505115855139934e+02;2.422870411780485195e-19
5.353566677410718739e+02;2.352370373840009136e-19
5.738441648302392650e+02;2.279287443705279399e-19
6.150985788580504732e+02;2.203574441076012339e-19
6.593188271333541479e+02;2.125184185651929848e-19
7.067181273927491247e+02;2.044069497132737448e-19
7.575250258771905010e+02;1.960183195218156789e-19
8.119844993184009354e+02;1.873478099607903023e-19
8.703591361485165407e+02;1.783907030001689858e-19
9.329304026284676183e+02;1.691422806099236295e-19
1.000000000000000000e+03;1.595978247600251468e-19
