0.00000000e+00;1.15334510e-17
6.00007000e-02;1.15334510e-17
7.00008100e-02;1.15612980e-17
8.00009300e-02;1.14256260e-17
9.00010500e-02;1.12055670e-17
1.00001160e-01;1.09466210e-17
1.10001280e-01;1.06726070e-17
1.20001400e-01;1.03961350e-17
1.30001510e-01;1.01242570e-17
1.40001630e-01;9.86101930e-18
1.50001740e-01;9.60830950e-18
1.60001860e-01;9.36598600e-18
1.70001980e-01;9.13180510e-18
1.80002090e-01;8.90204890e-18
1.90002210e-01;8.67298570e-18
2.00002330e-01;8.44237240e-18
2.10016050e-01;8.20952090e-18
2.20016160e-01;7.97679160e-18
2.30016280e-01;7.74522470e-18
2.40016400e-01;7.51576450e-18
2.50016510e-01;7.28823390e-18
2.60016630e-01;7.06109330e-18
2.70016740e-01;6.83180650e-18
2.80016860e-01;6.59790180e-18
2.90016980e-01;6.35886170e-18
3.00017090e-01;6.11775030e-18
3.10017210e-01;5.88081690e-18
3.20017330e-01;5.65455100e-18
3.30017440e-01;5.44288360e-18
3.40017560e-01;5.24651790e-18
3.50017670e-01;5.06403690e-18
3.60017790e-01;4.89330830e-18
3.70017910e-01;4.73227140e-18
3.80018020e-01;4.57927710e-18
3.90018140e-01;4.43309270e-18
4.00018260e-01;4.29280750e-18
4.10018370e-01;4.15780130e-18
4.20018490e-01;4.02758110e-18
4.30018600e-01;3.90179180e-18
4.40018720e-01;3.78017290e-18
4.50018840e-01;3.66252900e-18
4.60018950e-01;3.54861900e-18
4.70019070e-01;3.43832050e-18
4.80019190e-01;3.33152910e-18
4.90019300e-01;3.22806490e-18
5.00019420e-01;3.12783320e-18
5.10019530e-01;3.03072320e-18
5.20019650e-01;2.93667490e-18
5.30019770e-01;2.84553920e-18
5.40019880e-01;2.75722830e-18
5.50020000e-01;2.67168410e-18
5.60020120e-01;2.58878760e-18
5.70020230e-01;2.50847210e-18
5.80020350e-01;2.43067040e-18
5.90020470e-01;2.35528790e-18
6.00020580e-01;2.28230490e-18
6.10020700e-01;2.21155110e-18
6.20020810e-01;2.14298910e-18
6.30034540e-01;2.07651630e-18
6.40034650e-01;2.01215030e-18
6.50034770e-01;1.94977830e-18
6.60034880e-01;1.88932930e-18
6.70035000e-01;1.83074130e-18
6.80035120e-01;1.77395190e-18
6.90035230e-01;1.71888500e-18
7.00035350e-01;1.66547250e-18
7.10035470e-01;1.61364770e-18
7.20035580e-01;1.56335000e-18
7.30035700e-01;1.51450180e-18
7.40035810e-01;1.46702850e-18
7.50035930e-01;1.42090010e-18
7.60036050e-01;1.37594480e-18
7.70036160e-01;1.33210070e-18
7.80036280e-01;1.28928080e-18
7.90036400e-01;1.24737090e-18
8.00036510e-01;1.20626230e-18
8.10036630e-01;1.16586790e-18
8.20036740e-01;1.12616070e-18
8.30036860e-01;1.08732080e-18
8.40036980e-01;1.05000510e-18
8.50037090e-01;1.01580130e-18
8.60037210e-01;9.87569420e-19
8.70037330e-01;9.68184020e-19
8.80037440e-01;9.56690660e-19
8.90037560e-01;9.47100010e-19
9.00037670e-01;9.33941650e-19
1.01003895e+00;6.84958350e-19
1.02003907e+00;6.66180300e-19
1.03003919e+00;6.48080550e-19
1.04003930e+00;6.30705160e-19
1.05005302e+00;6.14094140e-19
1.06005314e+00;5.98322490e-19
1.07005326e+00;5.83417090e-19
1.08005337e+00;5.69443730e-19
1.09005349e+00;5.56450330e-19
1.10005361e+00;5.44531300e-19
1.11005372e+00;5.33777490e-19
1.12005384e+00;5.24343850e-19
1.13005395e+00;5.16456680e-19
1.14005407e+00;5.10449890e-19
1.15005419e+00;5.06794380e-19
1.16005430e+00;5.06229740e-19
1.17005442e+00;5.09857300e-19
1.18005454e+00;5.19217470e-19
1.19005465e+00;5.35954990e-19
1.20005477e+00;5.59344220e-19
1.21005488e+00;5.76897060e-19
1.22005500e+00;5.53489200e-19
1.23005512e+00;4.75587810e-19
1.24005523e+00;3.95701720e-19
1.25005535e+00;3.45311600e-19
1.26005547e+00;3.17390690e-19
1.27005558e+00;3.01157800e-19
1.28005570e+00;2.90563550e-19
1.29005581e+00;2.82762480e-19
1.30005593e+00;2.76411280e-19
1.31005605e+00;2.70867070e-19
1.32005616e+00;2.65809510e-19
1.33005628e+00;2.61076000e-19
1.34005640e+00;2.56594880e-19
1.35005651e+00;2.52307710e-19
1.36005663e+00;2.48190770e-19
1.37005674e+00;2.44236120e-19
1.38005686e+00;2.40444800e-19
1.39005698e+00;2.36797420e-19
1.40005709e+00;2.33294950e-19
1.41005721e+00;2.29941990e-19
1.42005733e+00;2.26732690e-19
1.43005744e+00;2.23669560e-19
1.44005756e+00;2.20738670e-19
1.45005767e+00;2.17946290e-19
1.46005779e+00;2.15293240e-19
1.47007151e+00;2.12775540e-19
1.48007163e+00;2.10382760e-19
1.49007175e+00;2.08118270e-19
1.50007186e+00;2.05982430e-19
1.51007198e+00;2.03966580e-19
1.52007209e+00;2.02070940e-19
1.53007221e+00;2.00292260e-19
1.54007233e+00;1.98625490e-19
1.55007244e+00;1.97069520e-19
1.56007256e+00;1.95621970e-19
1.57007268e+00;1.94280470e-19
1.58007279e+00;1.93037270e-19
1.59007291e+00;1.91893210e-19
1.60007302e+00;1.90844840e-19
1.61007314e+00;1.89891190e-19
1.62007326e+00;1.89028550e-19
1.63007337e+00;1.88255820e-19
1.64007349e+00;1.87567900e-19
1.65007361e+00;1.86962630e-19
1.66007372e+00;1.86439700e-19
1.67007384e+00;1.85997550e-19
1.68007395e+00;1.85634470e-19
1.69007407e+00;1.85350040e-19
1.70007419e+00;1.85141770e-19
1.71007430e+00;1.85011850e-19
1.72007442e+00;1.84956080e-19
1.73007454e+00;1.84977380e-19
1.74007465e+00;1.85078230e-19
1.75007477e+00;1.85260680e-19
1.76007488e+00;1.85528790e-19
1.77007500e+00;1.85888690e-19
1.78007512e+00;1.86348480e-19
1.79007523e+00;1.86921770e-19
1.80007535e+00;1.87623390e-19
1.81007547e+00;1.88479090e-19
1.82007558e+00;1.89524020e-19
1.83007570e+00;1.90810470e-19
1.84007581e+00;1.92412920e-19
1.85007593e+00;1.94447160e-19
1.86007605e+00;1.97090290e-19
1.87007616e+00;2.00620420e-19
1.88007628e+00;2.05479260e-19
1.89009000e+00;2.12357390e-19
1.90009012e+00;2.22281380e-19
1.91009023e+00;2.36415870e-19
1.92009035e+00;2.54795620e-19
1.93009047e+00;2.72968540e-19
1.94009058e+00;2.80973310e-19
1.95009070e+00;2.74141490e-19
1.96009082e+00;2.59795170e-19
1.97009093e+00;2.46005070e-19
1.98009105e+00;2.35528850e-19
1.99009116e+00;2.28216710e-19
2.00009128e+00;2.23265480e-19
2.01009140e+00;2.19964890e-19
2.02009151e+00;2.17808780e-19
2.03009163e+00;2.16456860e-19
2.04009175e+00;2.15682300e-19
2.05009186e+00;2.15332060e-19
2.06009198e+00;2.15301600e-19
2.07009209e+00;2.15517530e-19
2.08009221e+00;2.15928930e-19
2.09009233e+00;2.16497190e-19
2.10009244e+00;2.17194690e-19
2.11009256e+00;2.18001000e-19
2.12009268e+00;2.18900560e-19
2.13009279e+00;2.19881450e-19
2.14009291e+00;2.20934850e-19
2.15009302e+00;2.22053760e-19
2.16009314e+00;2.23233100e-19
2.17009326e+00;2.24469600e-19
2.18009337e+00;2.25758470e-19
2.19009349e+00;2.27102080e-19
2.20009361e+00;2.28498460e-19
2.21009372e+00;2.29947940e-19
2.22009384e+00;2.31451480e-19
2.23009395e+00;2.33012610e-19
2.24009407e+00;2.34634700e-19
2.25009419e+00;2.36323330e-19
2.26009430e+00;2.38085620e-19
2.27009442e+00;2.39932070e-19
2.28009454e+00;2.41875560e-19
2.29009465e+00;2.43933380e-19
2.30009477e+00;2.46131860e-19
2.31010849e+00;2.48503470e-19
2.32010861e+00;2.51099970e-19
2.33010872e+00;2.53992550e-19
2.34010884e+00;2.57292650e-19
2.35010896e+00;2.61179130e-19
2.36010907e+00;2.65956540e-19
2.37010919e+00;2.72187550e-19
2.38010930e+00;2.81026440e-19
2.39010942e+00;2.95205680e-19
2.40010954e+00;3.22637770e-19
2.41010965e+00;3.89868340e-19
2.42010977e+00;3.78619330e-19
2.43010989e+00;2.25124580e-19
2.44011000e+00;2.22425230e-19
2.45011012e+00;2.29900000e-19
2.46011023e+00;2.36322150e-19
2.47011035e+00;2.41436130e-19
2.48011047e+00;2.45621280e-19
2.49011058e+00;2.49168930e-19
2.50011070e+00;2.52267440e-19
2.51011082e+00;2.55037960e-19
2.52011093e+00;2.57559950e-19
2.53011105e+00;2.59886170e-19
2.54011116e+00;2.62052310e-19
2.55011128e+00;2.64083150e-19
2.56011140e+00;2.65994400e-19
2.57011151e+00;2.67797500e-19
2.58011163e+00;2.69499870e-19
2.59011175e+00;2.71104930e-19
2.60011186e+00;2.72613120e-19
2.61011198e+00;2.74024280e-19
2.62011209e+00;2.75336220e-19
2.63011221e+00;2.76545690e-19
2.64011233e+00;2.77648190e-19
2.65011244e+00;2.78639210e-19
2.66011256e+00;2.79513060e-19
2.67011268e+00;2.80264230e-19
2.68011279e+00;2.80950000e-19
2.69011291e+00;2.81380050e-19
2.70011302e+00;2.81733860e-19
2.71011314e+00;2.81947980e-19
2.72011326e+00;2.82017030e-19
2.73012698e+00;2.81943980e-19
2.74012710e+00;2.81730420e-19
2.75012721e+00;2.81377300e-19
2.76012733e+00;2.80890330e-19
2.77012744e+00;2.80275850e-19
2.78012756e+00;2.79544000e-19
2.79012768e+00;2.78706180e-19
2.80012779e+00;2.77775290e-19
2.81012791e+00;2.76767540e-19
2.82012803e+00;2.75698420e-19
2.83012814e+00;2.74586490e-19
2.84012826e+00;2.73449830e-19
2.85012837e+00;2.72306510e-19
2.86012849e+00;2.71174880e-19
2.87012861e+00;2.70072120e-19
2.88012872e+00;2.69014230e-19
2.89012884e+00;2.68016620e-19
2.90012896e+00;2.67093910e-19
2.91012907e+00;2.66256850e-19
2.92012919e+00;2.65515050e-19
2.93012930e+00;2.64876870e-19
2.94012942e+00;2.64348710e-19
2.95012954e+00;2.63936010e-19
2.96012965e+00;2.63641670e-19
2.97012977e+00;2.63468290e-19
2.98012989e+00;2.63416960e-19
2.99013000e+00;2.63489710e-19
3.00013012e+00;2.63685920e-19
3.01013023e+00;2.64006590e-19
3.02013035e+00;2.64452870e-19
3.03013047e+00;2.65025790e-19
3.04013058e+00;2.65728630e-19
3.05013070e+00;2.66565100e-19
3.06013082e+00;2.67542090e-19
3.07013093e+00;2.68669140e-19
3.08013105e+00;2.69957920e-19
3.09013116e+00;2.71433150e-19
3.10013128e+00;2.73120700e-19
3.11013140e+00;2.75060170e-19
3.12013151e+00;2.77308180e-19
3.13013163e+00;2.79945800e-19
3.14014535e+00;2.83090770e-19
3.15014547e+00;2.86922500e-19
3.16014558e+00;2.91704770e-19
3.17014570e+00;2.97840230e-19
3.18014582e+00;3.05911880e-19
3.19014593e+00;3.16622880e-19
3.20014605e+00;3.30079370e-19
3.21014617e+00;3.42661050e-19
3.22014628e+00;3.41661230e-19
3.23014640e+00;3.18268590e-19
3.24014651e+00;2.90995380e-19
3.25014663e+00;2.74603700e-19
3.26014675e+00;2.67273650e-19
3.27014686e+00;2.64954250e-19
3.28014698e+00;2.66239130e-19
3.29014710e+00;2.75634200e-19
3.30014721e+00;3.31710730e-19
3.31014733e+00;3.62842410e-19
3.32014744e+00;3.09930400e-19
3.33014756e+00;2.93995440e-19
3.34014768e+00;2.88513390e-19
3.35014779e+00;2.86450810e-19
3.36014791e+00;2.85820420e-19
3.37014803e+00;2.85896600e-19
3.38014814e+00;2.86361500e-19
3.39014826e+00;2.87057390e-19
3.40014837e+00;2.87898600e-19
3.41014849e+00;2.88834650e-19
3.42014861e+00;2.89834920e-19
3.43014872e+00;2.90879960e-19
3.44014884e+00;2.91956640e-19
3.45014896e+00;2.93057030e-19
3.46014907e+00;2.94174490e-19
3.47014919e+00;2.95305310e-19
3.48014930e+00;2.96446560e-19
3.49014942e+00;2.97596680e-19
3.50014954e+00;2.98752880e-19
3.51014965e+00;2.99920130e-19
3.52014977e+00;3.01091840e-19
3.53014989e+00;3.02270150e-19
3.54015000e+00;3.03455850e-19
3.55015012e+00;3.04649830e-19
3.56016384e+00;3.05851390e-19
3.57016396e+00;3.07064500e-19
3.58016407e+00;3.08288970e-19
3.59016419e+00;3.09526990e-19
3.60016430e+00;3.10780240e-19
3.61016442e+00;3.12050960e-19
3.62016454e+00;3.13341960e-19
3.63016465e+00;3.14656730e-19
3.64016477e+00;3.15998690e-19
3.65016489e+00;3.17371960e-19
3.66016500e+00;3.18781410e-19
3.67016512e+00;3.20233010e-19
3.68016523e+00;3.21732350e-19
3.69016535e+00;3.23287110e-19
3.70016547e+00;3.24904020e-19
3.71016558e+00;3.26591450e-19
3.72016570e+00;3.28355300e-19
3.73016582e+00;3.30198390e-19
3.74016593e+00;3.32115350e-19
3.75016605e+00;3.34085420e-19
3.76016617e+00;3.36053130e-19
3.77016628e+00;3.37897560e-19
3.78016640e+00;3.39381490e-19
3.79016651e+00;3.40075840e-19
3.80016663e+00;3.39315460e-19
3.81016675e+00;3.36339170e-19
3.82016686e+00;3.30867040e-19
3.83016698e+00;3.23870880e-19
3.84016710e+00;3.17371320e-19
3.85016721e+00;3.12962700e-19
3.86016733e+00;3.10919620e-19
3.87016744e+00;3.10665510e-19
3.88016756e+00;3.11496400e-19
3.89016768e+00;3.12893700e-19
3.90016779e+00;3.14543890e-19
3.91016791e+00;3.16275000e-19
3.92016803e+00;3.17999240e-19
3.93016814e+00;3.19675540e-19
3.94016826e+00;3.21287520e-19
3.95016837e+00;3.22828700e-19
3.96016849e+00;3.24301370e-19
3.97016861e+00;3.25710240e-19
3.98018233e+00;3.27059410e-19
3.99018244e+00;3.28356860e-19
4.00018256e+00;3.29606880e-19
4.01018268e+00;3.30813960e-19
4.02018279e+00;3.31983350e-19
4.03018291e+00;3.33118110e-19
4.04018303e+00;3.34222110e-19
4.05018314e+00;3.35298690e-19
4.06018326e+00;3.36350100e-19
4.07018337e+00;3.37378990e-19
4.08018349e+00;3.38387560e-19
4.09018361e+00;3.39377370e-19
4.10018372e+00;3.40350370e-19
4.11018384e+00;3.41308190e-19
4.12018396e+00;3.42251800e-19
4.13018407e+00;3.43182890e-19
4.14018419e+00;3.44102110e-19
4.15018430e+00;3.45010640e-19
4.16018442e+00;3.45909700e-19
4.17018454e+00;3.46799670e-19
4.18018465e+00;3.47681810e-19
4.19018477e+00;3.48556280e-19
4.20018489e+00;3.49424680e-19
4.21018500e+00;3.50287160e-19
4.22018512e+00;3.51144190e-19
4.23018524e+00;3.51996920e-19
4.24018535e+00;3.52845470e-19
4.25018547e+00;3.53690850e-19
4.26018558e+00;3.54533500e-19
4.27018570e+00;3.55374130e-19
4.28018582e+00;3.56213120e-19
4.29018593e+00;3.57051370e-19
4.30018605e+00;3.57889430e-19
4.31018617e+00;3.58727910e-19
4.32018628e+00;3.59567560e-19
4.33018640e+00;3.60408980e-19
4.34018651e+00;3.61253100e-19
4.35018663e+00;3.62100650e-19
4.36018675e+00;3.62952580e-19
4.37018686e+00;3.63809620e-19
4.38018698e+00;3.64672930e-19
4.39018710e+00;3.65543460e-19
4.40020082e+00;3.66421310e-19
4.41020093e+00;3.67310060e-19
4.42020105e+00;3.68209880e-19
4.43020117e+00;3.69122360e-19
4.44020128e+00;3.70049330e-19
4.45020140e+00;3.70992150e-19
4.46020151e+00;3.71953280e-19
4.47020163e+00;3.72934750e-19
4.48020175e+00;3.73939340e-19
4.49020186e+00;3.74969670e-19
4.50020198e+00;3.76028650e-19
4.51020210e+00;3.77120040e-19
4.52020221e+00;3.78247490e-19
4.53020233e+00;3.79415020e-19
4.54020244e+00;3.80627630e-19
4.55020256e+00;3.81890080e-19
4.56020268e+00;3.83207360e-19
4.57020279e+00;3.84584940e-19
4.58020291e+00;3.86027910e-19
4.59020303e+00;3.87540300e-19
4.60020314e+00;3.89124370e-19
4.61020326e+00;3.90778770e-19
4.62020337e+00;3.92495290e-19
4.63020349e+00;3.94253780e-19
4.64020361e+00;3.96014080e-19
4.65020372e+00;3.97703340e-19
4.66020384e+00;3.99195300e-19
4.67020396e+00;4.00283820e-19
4.68020407e+00;4.00651550e-19
4.69020419e+00;3.99852160e-19
4.70020430e+00;3.97356610e-19
4.71020442e+00;3.92725660e-19
4.72020454e+00;3.85937740e-19
4.73020465e+00;3.77690580e-19
4.74020477e+00;3.69304700e-19
4.75020489e+00;3.62130420e-19
4.76020500e+00;3.56939730e-19
4.77020512e+00;3.53801070e-19
4.78020524e+00;3.52350820e-19
4.79020535e+00;3.52106990e-19
4.80020547e+00;3.52645260e-19
4.81020558e+00;3.53652610e-19
4.82021931e+00;3.54916980e-19
4.83021942e+00;3.56306120e-19
4.84021954e+00;3.57736770e-19
4.85021965e+00;3.59160620e-19
4.86021977e+00;3.60550610e-19
4.87021989e+00;3.61892540e-19
4.88022000e+00;3.63179910e-19
4.89022012e+00;3.64411610e-19
4.90022024e+00;3.65588790e-19
4.91022035e+00;3.66714280e-19
4.92022047e+00;3.67792360e-19
4.93022058e+00;3.68826760e-19
4.94022070e+00;3.69822800e-19
4.95022082e+00;3.70785010e-19
4.96022093e+00;3.71719980e-19
4.97022105e+00;3.72632790e-19
4.98022117e+00;3.73531240e-19
4.99022128e+00;3.74425210e-19
5.00022140e+00;3.75325090e-19
5.01022151e+00;3.76239850e-19
5.02022163e+00;3.77150910e-19
5.03022175e+00;3.77850550e-19
5.04022186e+00;3.77587730e-19
5.05022198e+00;3.76801760e-19
5.06022210e+00;3.77183450e-19
5.07022221e+00;3.78035680e-19
5.08022233e+00;3.78900070e-19
5.09022244e+00;3.79711250e-19
5.10022256e+00;3.80472660e-19
5.11022268e+00;3.81190830e-19
5.12022279e+00;3.81857940e-19
5.13022291e+00;3.82444590e-19
5.14022303e+00;3.82895520e-19
5.15022314e+00;3.83148690e-19
5.16022326e+00;3.83207360e-19
5.17022337e+00;3.83193480e-19
5.18022349e+00;3.83259140e-19
5.19022361e+00;3.83466120e-19
5.20022372e+00;3.83789820e-19
5.21022384e+00;3.84183550e-19
5.22022396e+00;3.84611330e-19
5.23022407e+00;3.85050690e-19
5.24023779e+00;3.85489530e-19
5.25023791e+00;3.85922520e-19
5.26023803e+00;3.86346300e-19
5.27023814e+00;3.86759790e-19
5.28023826e+00;3.87162640e-19
5.29023838e+00;3.87554220e-19
5.30023849e+00;3.87934490e-19
5.31023861e+00;3.88303820e-19
5.32023872e+00;3.88662560e-19
5.33023884e+00;3.89010300e-19
5.34023896e+00;3.89346260e-19
5.35023907e+00;3.89669980e-19
5.36023919e+00;3.89980350e-19
5.37023931e+00;3.90275320e-19
5.38023942e+00;3.90551090e-19
5.39023954e+00;3.90802270e-19
5.40023965e+00;3.91017670e-19
5.41023977e+00;3.91176510e-19
5.42023989e+00;3.91231100e-19
5.43024000e+00;3.91055610e-19
5.44024012e+00;3.90307110e-19
5.45024024e+00;3.92903530e-19
5.46024035e+00;3.95432920e-19
5.47024047e+00;3.95011570e-19
5.48024058e+00;3.94913040e-19
5.49024070e+00;3.94971160e-19
5.50024082e+00;3.95102010e-19
5.51024093e+00;3.95270370e-19
5.52024105e+00;3.95459770e-19
5.53024117e+00;3.95660510e-19
5.54024128e+00;3.95867530e-19
5.55024140e+00;3.96078010e-19
5.56024151e+00;3.96289650e-19
5.57024163e+00;3.96500560e-19
5.58024175e+00;3.96711010e-19
5.59024186e+00;3.96919050e-19
5.60024198e+00;3.97124430e-19
5.61024210e+00;3.97327130e-19
5.62024221e+00;3.97526130e-19
5.63024233e+00;3.97721520e-19
5.64024244e+00;3.97912160e-19
5.65024256e+00;3.98097780e-19
5.66025628e+00;3.98277820e-19
5.67025640e+00;3.98451790e-19
5.68025652e+00;3.98619820e-19
5.69025663e+00;3.98779200e-19
5.70025675e+00;3.98929260e-19
5.71025686e+00;3.99067560e-19
5.72025698e+00;3.99190930e-19
5.73025710e+00;3.99295100e-19
5.74025721e+00;3.99372400e-19
5.75025733e+00;3.99410000e-19
5.76025745e+00;3.99380330e-19
5.77025756e+00;3.99214940e-19
5.78025768e+00;3.98624110e-19
5.79025779e+00;3.86800640e-19
5.80025791e+00;4.01017160e-19
5.81025803e+00;3.99797730e-19
5.82025814e+00;3.98687070e-19
5.83025826e+00;3.96654470e-19
5.84025838e+00;3.87209220e-19
5.85025849e+00;3.96443410e-19
5.86025861e+00;3.92000860e-19
5.87025872e+00;3.92379090e-19
5.88025884e+00;3.95395440e-19
5.89025896e+00;3.97972690e-19
5.90025907e+00;3.99637550e-19
5.91025919e+00;4.00698740e-19
5.92025931e+00;4.01412050e-19
5.93025942e+00;4.01924490e-19
5.94025954e+00;4.02315640e-19
5.95025965e+00;4.02630570e-19
5.96025977e+00;4.02895260e-19
5.97025989e+00;4.03125410e-19
5.98026000e+00;4.03331890e-19
5.99026012e+00;4.03520620e-19
6.00026024e+00;4.03696660e-19
6.01026035e+00;4.03863010e-19
6.02026047e+00;4.04022060e-19
6.03026058e+00;4.04176050e-19
6.04026070e+00;4.04325840e-19
6.05026082e+00;4.04472920e-19
6.06026093e+00;4.04618410e-19
6.07026105e+00;4.04762810e-19
6.08027477e+00;4.04905740e-19
6.09027489e+00;4.05049900e-19
6.10027500e+00;4.05193450e-19
6.11027512e+00;4.05334180e-19
6.12027524e+00;4.05466100e-19
6.13027535e+00;4.05570940e-19
6.14027547e+00;4.05598840e-19
6.15027559e+00;4.05394540e-19
6.16027570e+00;4.04405680e-19
6.17027582e+00;4.00538000e-19
6.18027593e+00;3.91342840e-19
6.19027605e+00;3.91642340e-19
6.20027617e+00;3.96583600e-19
6.21027628e+00;3.99253470e-19
6.22027640e+00;4.00545950e-19
6.23027652e+00;4.01135740e-19
6.24027663e+00;4.01293660e-19
6.25027675e+00;4.01118090e-19
6.26027686e+00;4.00634900e-19
6.27027698e+00;3.99848730e-19
6.28027710e+00;3.98791240e-19
6.29027721e+00;3.97578510e-19
6.30027733e+00;3.96442090e-19
6.31027745e+00;3.95668640e-19
6.32027756e+00;3.95439290e-19
6.33027768e+00;3.95731360e-19
6.34027779e+00;3.96369600e-19
6.35027791e+00;3.97157050e-19
6.36027803e+00;3.97957180e-19
6.37027814e+00;3.98696870e-19
6.38027826e+00;3.99348840e-19
6.39027838e+00;3.99909840e-19
6.40027849e+00;4.00386210e-19
6.41027861e+00;4.00788600e-19
6.42027872e+00;4.01128010e-19
6.43027884e+00;4.01413730e-19
6.44027896e+00;4.01654420e-19
6.45027907e+00;4.01856310e-19
6.46027919e+00;4.02025060e-19
6.47027931e+00;4.02165120e-19
6.48027942e+00;4.02278950e-19
6.49029314e+00;4.02369710e-19
6.50029326e+00;4.02440170e-19
6.51029338e+00;4.02491860e-19
6.52029349e+00;4.02525590e-19
6.53029361e+00;4.02541200e-19
6.54029373e+00;4.02539880e-19
6.55029384e+00;4.02521700e-19
6.56029396e+00;4.02485350e-19
6.57029407e+00;4.02430950e-19
6.58029419e+00;4.02356310e-19
6.59029431e+00;4.02259340e-19
6.60029442e+00;4.02137800e-19
6.61029454e+00;4.01987150e-19
6.62029466e+00;4.01803150e-19
6.63029477e+00;4.01578100e-19
6.64029489e+00;4.01301450e-19
6.65029500e+00;4.00958750e-19
6.66029512e+00;4.00529290e-19
6.67029524e+00;3.99977960e-19
6.68029535e+00;3.99249660e-19
6.69029547e+00;3.98241850e-19
6.70029559e+00;3.96736790e-19
6.71029570e+00;3.94140280e-19
6.72029582e+00;3.88243410e-19
6.73029593e+00;3.91574700e-19
6.74029605e+00;3.95147120e-19
6.75029617e+00;3.96323260e-19
6.76029628e+00;4.02476570e-19
6.77029640e+00;4.07512250e-19
6.78029652e+00;4.09168530e-19
6.79029663e+00;4.09282940e-19
6.80029675e+00;4.08933100e-19
6.81029686e+00;4.08482720e-19
6.82029698e+00;4.08040010e-19
6.83029710e+00;4.07632080e-19
6.84029721e+00;4.07260330e-19
6.85029733e+00;4.06918620e-19
6.86029745e+00;4.06598660e-19
6.87029756e+00;4.06290950e-19
6.88029768e+00;4.05985450e-19
6.89029779e+00;4.05668280e-19
6.90029791e+00;4.05322880e-19
6.91031163e+00;4.04918700e-19
6.92031175e+00;4.04407550e-19
6.93031187e+00;4.03696130e-19
6.94031198e+00;4.02651480e-19
6.95031210e+00;4.01628810e-19
6.96031221e+00;4.03341480e-19
6.97031233e+00;4.05756660e-19
6.98031245e+00;4.06270060e-19
6.99031256e+00;4.06182510e-19
7.00031268e+00;4.05981600e-19
7.01031280e+00;4.05774570e-19
7.02031291e+00;4.05579710e-19
7.03031303e+00;4.05400890e-19
7.04031314e+00;4.05234430e-19
7.05031326e+00;4.05078830e-19
7.06031338e+00;4.04931900e-19
7.07031349e+00;4.04792090e-19
7.08031361e+00;4.04658290e-19
7.09031373e+00;4.04530440e-19
7.10031384e+00;4.04407810e-19
7.11031396e+00;4.04294380e-19
7.12031407e+00;4.04233720e-19
7.13031419e+00;4.03994260e-19
7.14031431e+00;4.03913130e-19
7.15031442e+00;4.03822650e-19
7.26031570e+00;3.99976210e-19
7.27031582e+00;3.99320910e-19
7.28031593e+00;3.98314520e-19
7.29031605e+00;3.97012340e-19
7.30031617e+00;3.96208210e-19
7.31031628e+00;3.96565300e-19
7.32031640e+00;3.96958050e-19
7.33033012e+00;3.92859950e-19
7.34033024e+00;3.96824060e-19
7.45033152e+00;3.97890060e-19
7.46033163e+00;3.97226310e-19
7.47033175e+00;3.96330250e-19
7.48033187e+00;3.95040140e-19
7.49033198e+00;3.93125540e-19
7.50033210e+00;3.90742940e-19
7.51033221e+00;3.90275940e-19
7.52033233e+00;3.93089580e-19
7.53033245e+00;3.94974430e-19
7.54033256e+00;3.95195530e-19
7.55033268e+00;3.94976400e-19
7.56033280e+00;3.95117290e-19
7.57033291e+00;3.95561490e-19
7.58033303e+00;3.95982760e-19
7.59033314e+00;3.96254730e-19
7.60033326e+00;3.96387270e-19
7.61033338e+00;3.96418300e-19
7.62033349e+00;3.96381940e-19
7.63033361e+00;3.96300500e-19
7.64033373e+00;3.96188920e-19
7.65033384e+00;3.96056360e-19
7.66033396e+00;3.95908750e-19
7.67033407e+00;3.95749700e-19
7.68033419e+00;3.95580040e-19
7.69033431e+00;3.95399740e-19
7.70033442e+00;3.95205250e-19
7.71033454e+00;3.94992400e-19
7.72033466e+00;3.94751930e-19
7.73033477e+00;3.94467950e-19
7.74033489e+00;3.94112650e-19
7.75034861e+00;3.93630820e-19
7.76034873e+00;3.92907220e-19
7.77034884e+00;3.91672070e-19
7.78034896e+00;3.89281140e-19
7.79034907e+00;3.85398850e-19
7.80034919e+00;3.87252390e-19
7.81034931e+00;3.92449130e-19
7.82034942e+00;3.94052020e-19
7.83034954e+00;3.91984450e-19
7.84034966e+00;3.96862580e-19
7.85034977e+00;3.97420550e-19
7.86034989e+00;3.96023140e-19
7.87035000e+00;3.94621720e-19
7.88035012e+00;3.94160240e-19
7.89035024e+00;3.94023930e-19
8.10035268e+00;3.89810360e-19
8.11035280e+00;3.89686900e-19
8.12035291e+00;3.89849190e-19
8.13035303e+00;3.90230260e-19
8.63038605e+00;3.79341750e-19
9.16040582e+00;3.68537040e-19
9.17040594e+00;3.68319590e-19
9.18040605e+00;3.68111470e-19
9.19040617e+00;3.67880760e-19
9.20040628e+00;3.67659720e-19
9.21040640e+00;3.67437470e-19
9.22040652e+00;3.67215700e-19
9.23040663e+00;3.66991270e-19
9.24040675e+00;3.66768070e-19
9.25040687e+00;3.66535130e-19
9.26040698e+00;3.66318330e-19
9.27040710e+00;3.66091770e-19
9.28040721e+00;3.65866860e-19
9.29040733e+00;3.65640500e-19
9.30040745e+00;3.65405290e-19
9.31040756e+00;3.65185790e-19
9.32040768e+00;3.64953860e-19
9.33040780e+00;3.64727040e-19
9.34040791e+00;3.64496510e-19
9.35040803e+00;3.64266350e-19
9.36040814e+00;3.64043170e-19
9.37040826e+00;3.63804910e-19
9.38040838e+00;3.63572520e-19
9.39040849e+00;3.63342250e-19
9.40040861e+00;3.63109190e-19
9.41040873e+00;3.62876430e-19
9.42042245e+00;3.62642060e-19
9.43042256e+00;3.62401600e-19
9.44042268e+00;3.62173410e-19
9.45042280e+00;3.61937150e-19
9.46042291e+00;3.61698490e-19
9.47042303e+00;3.61464270e-19
9.48042315e+00;3.61222350e-19
9.49042326e+00;3.60988850e-19
9.50042338e+00;3.60748370e-19
9.51042349e+00;3.60510260e-19
9.52042361e+00;3.60272050e-19
9.53042373e+00;3.60026580e-19
9.54042384e+00;3.59786550e-19
9.55042396e+00;3.59544580e-19
9.56042408e+00;3.59302840e-19
9.57042419e+00;3.59057570e-19
9.58042431e+00;3.58813000e-19
9.59042442e+00;3.58567470e-19
9.60042454e+00;3.58320710e-19
9.61042466e+00;3.58074890e-19
9.62042477e+00;3.57825580e-19
9.63042489e+00;3.57582750e-19
9.64042501e+00;3.57330550e-19
9.65042512e+00;3.57080330e-19
9.66042524e+00;3.56829580e-19
9.67042535e+00;3.56577980e-19
9.68042547e+00;3.56325170e-19
9.69042559e+00;3.56075270e-19
9.70042570e+00;3.55820630e-19
9.71042582e+00;3.55566580e-19
9.72042594e+00;3.55312040e-19
9.73042605e+00;3.55057520e-19
9.74042617e+00;3.54800710e-19
9.75042628e+00;3.54544450e-19
9.76042640e+00;3.54287790e-19
9.77042652e+00;3.54027720e-19
9.78042663e+00;3.53771840e-19
9.79042675e+00;3.53514650e-19
9.80042687e+00;3.53254630e-19
9.81042698e+00;3.52995480e-19
9.82042710e+00;3.52736240e-19
9.83042721e+00;3.52476220e-19
9.84044094e+00;3.52215520e-19
9.85044105e+00;3.51937480e-19
9.86044117e+00;3.51689500e-19
9.87044129e+00;3.51432110e-19
9.88044140e+00;3.51170800e-19
9.89044152e+00;3.50909040e-19
9.90044163e+00;3.50646960e-19
9.91044175e+00;3.50384480e-19
9.92044187e+00;3.50123160e-19
9.93044198e+00;3.49860100e-19
9.94044210e+00;3.49597280e-19
9.95044222e+00;3.49334350e-19
9.96044233e+00;3.49071350e-19
9.97044245e+00;3.48808180e-19
9.98044256e+00;3.48544910e-19
9.99044268e+00;3.48281360e-19
1.00004428e+01;3.48018250e-19
1.00104429e+01;3.47754920e-19
1.00204430e+01;3.47491340e-19
1.00304431e+01;3.47227680e-19
1.00404433e+01;3.46964820e-19
1.00504434e+01;3.46701880e-19
1.00604435e+01;3.46437450e-19
1.00704436e+01;3.46175150e-19
1.00804437e+01;3.45911610e-19
1.00904438e+01;3.45648330e-19
1.01004440e+01;3.45385840e-19
1.01104441e+01;3.45120410e-19
1.01204442e+01;3.44857800e-19
1.01304443e+01;3.44595180e-19
1.01404444e+01;3.44332460e-19
1.01504445e+01;3.44069610e-19
1.01604447e+01;3.43807020e-19
1.01704448e+01;3.43544260e-19
1.01804449e+01;3.43281960e-19
1.01904450e+01;3.43019960e-19
1.02004451e+01;3.42757780e-19
1.02104452e+01;3.42495790e-19
1.02204454e+01;3.42234020e-19
1.02304455e+01;3.41972090e-19
1.02404456e+01;3.41710820e-19
1.02504457e+01;3.41449610e-19
1.02604594e+01;3.41189050e-19
1.02704595e+01;3.40924960e-19
1.02804597e+01;3.40665200e-19
1.02904598e+01;3.40404720e-19
1.03004599e+01;3.40144430e-19
1.03104600e+01;3.39884000e-19
1.03204601e+01;3.39622920e-19
1.03304602e+01;3.39366830e-19
1.03404604e+01;3.39106030e-19
1.03504605e+01;3.38827030e-19
1.03604606e+01;3.38587940e-19
1.03704607e+01;3.38328820e-19
1.03804608e+01;3.38070310e-19
1.03904609e+01;3.37811930e-19
1.04004611e+01;3.37553840e-19
1.04104612e+01;3.37296100e-19
1.04204613e+01;3.37038520e-19
1.04304614e+01;3.36781310e-19
1.04404615e+01;3.36524170e-19
1.04504616e+01;3.36267510e-19
1.04604618e+01;3.36010980e-19
1.04704619e+01;3.35754740e-19
1.04804620e+01;3.35498700e-19
1.04904621e+01;3.35242920e-19
1.05004622e+01;3.34986830e-19
1.05104623e+01;3.34739650e-19
1.05204625e+01;3.34479440e-19
1.05304626e+01;3.34224520e-19
1.05404627e+01;3.33970200e-19
1.05504628e+01;3.33716130e-19
1.05604629e+01;3.33462600e-19
1.05704630e+01;3.33209150e-19
1.05804631e+01;3.32956100e-19
1.05904633e+01;3.32703470e-19
1.06004634e+01;3.32451040e-19
1.06104635e+01;3.32198960e-19
1.06204636e+01;3.31946970e-19
1.06304637e+01;3.31694100e-19
1.06404638e+01;3.31444430e-19
1.06504640e+01;3.31193350e-19
1.06604641e+01;3.30942720e-19
1.06704642e+01;3.30692470e-19
1.06804779e+01;3.30441870e-19
1.06904780e+01;3.30192500e-19
1.07004782e+01;3.29942920e-19
1.07104783e+01;3.29694090e-19
1.07204784e+01;3.29445110e-19
1.07304785e+01;3.29196230e-19
1.07404786e+01;3.28948960e-19
1.07504787e+01;3.28699700e-19
1.07604788e+01;3.28452600e-19
1.07704790e+01;3.28205560e-19
1.07804791e+01;3.27958210e-19
1.07904792e+01;3.27711850e-19
1.08004793e+01;3.27465380e-19
1.08104794e+01;3.27219600e-19
1.08204795e+01;3.26973850e-19
1.08304797e+01;3.26728470e-19
1.08404798e+01;3.26483330e-19
1.08504799e+01;3.26238610e-19
1.08604800e+01;3.25994040e-19
1.08704801e+01;3.25749970e-19
1.08804802e+01;3.25506070e-19
1.08904804e+01;3.25262660e-19
1.09004805e+01;3.25019440e-19
1.09104806e+01;3.24776640e-19
1.09204807e+01;3.24534140e-19
1.09304808e+01;3.24291850e-19
1.09404809e+01;3.24049910e-19
1.09504811e+01;3.23808280e-19
1.09604812e+01;3.23567070e-19
1.09704813e+01;3.23325940e-19
1.09804814e+01;3.23085440e-19
1.09904815e+01;3.22845130e-19
1.10004816e+01;3.22605120e-19
1.10104818e+01;3.22365610e-19
1.10204819e+01;3.22126250e-19
1.10304820e+01;3.21887280e-19
1.10404821e+01;3.21648740e-19
1.10504822e+01;3.21410410e-19
1.10604823e+01;3.21172380e-19
1.10704825e+01;3.20934780e-19
1.10804826e+01;3.20697500e-19
1.10904827e+01;3.20460600e-19
1.11004964e+01;3.20223540e-19
1.11104965e+01;3.19987300e-19
1.11204966e+01;3.19751320e-19
1.11304968e+01;3.19515630e-19
1.11404969e+01;3.19280340e-19
1.11504970e+01;3.19045420e-19
1.11604971e+01;3.18810940e-19
1.11704972e+01;3.18576570e-19
1.11804973e+01;3.18342640e-19
1.11904975e+01;3.18109260e-19
1.12004976e+01;3.17875920e-19
1.12104977e+01;3.17642890e-19
1.12204978e+01;3.17410440e-19
1.12304979e+01;3.17178090e-19
1.12404980e+01;3.16946140e-19
1.12504982e+01;3.16714560e-19
1.12604983e+01;3.16483360e-19
1.12704984e+01;3.16252440e-19
1.12804985e+01;3.16022000e-19
1.12904986e+01;3.15791980e-19
1.13004987e+01;3.15561700e-19
1.13104988e+01;3.15320930e-19
1.13204990e+01;3.15102990e-19
1.13304991e+01;3.14873930e-19
1.13404992e+01;3.14645410e-19
1.13504993e+01;3.14417260e-19
1.13604994e+01;3.14189220e-19
1.13704995e+01;3.13961760e-19
1.13804997e+01;3.13734400e-19
1.13904998e+01;3.13507480e-19
1.14004999e+01;3.13280750e-19
1.14105000e+01;3.13054550e-19
1.14205001e+01;3.12828460e-19
1.14305002e+01;3.12602920e-19
1.14405004e+01;3.12377460e-19
1.14505005e+01;3.12152400e-19
1.14605006e+01;3.11927750e-19
1.14705007e+01;3.11703230e-19
1.14805008e+01;3.11478950e-19
1.14905009e+01;3.11255270e-19
1.15005011e+01;3.11031720e-19
1.15105012e+01;3.10808530e-19
1.15205149e+01;3.10585250e-19
1.15305150e+01;3.10362630e-19
1.15405151e+01;3.10140260e-19
1.15505152e+01;3.09918120e-19
1.15605154e+01;3.09696320e-19
1.15705155e+01;3.09474970e-19
1.15805156e+01;3.09252820e-19
1.15905157e+01;3.09034800e-19
1.16005158e+01;3.08812950e-19
1.16105159e+01;3.08592380e-19
1.16205161e+01;3.08372110e-19
1.16305162e+01;3.08154330e-19
1.16405163e+01;3.07933490e-19
1.16505164e+01;3.07714280e-19
1.16605165e+01;3.07495180e-19
1.16705166e+01;3.07276600e-19
1.16805168e+01;3.07058260e-19
1.16905169e+01;3.06840160e-19
1.17005170e+01;3.06622360e-19
1.17105171e+01;3.06404830e-19
1.17205172e+01;3.06187570e-19
1.17305173e+01;3.05970550e-19
1.17405175e+01;3.05753780e-19
1.17505176e+01;3.05537370e-19
1.17605177e+01;3.05321460e-19
1.17705178e+01;3.05105300e-19
1.17805179e+01;3.04889750e-19
1.17905180e+01;3.04674350e-19
1.18005182e+01;3.04459120e-19
1.18105183e+01;3.04244450e-19
1.18205184e+01;3.04029820e-19
1.18305185e+01;3.03815490e-19
1.18405186e+01;3.03601430e-19
1.18505187e+01;3.03387740e-19
1.18605188e+01;3.03174150e-19
1.18705190e+01;3.02960990e-19
1.18805191e+01;3.02747870e-19
1.18905192e+01;3.02535200e-19
1.19005193e+01;3.02322700e-19
1.19105194e+01;3.02110590e-19
1.19205195e+01;3.01898650e-19
1.19305197e+01;3.01686980e-19
1.19405334e+01;3.01475280e-19
1.19505335e+01;3.01264090e-19
1.19605336e+01;3.01053370e-19
1.19705337e+01;3.00842690e-19
1.19805338e+01;3.00632440e-19
1.19905340e+01;3.00422440e-19
1.20005341e+01;3.00212710e-19
1.20105342e+01;3.00003340e-19
1.20205343e+01;2.99793910e-19
1.20305344e+01;2.99585130e-19
1.20405345e+01;2.99376480e-19
1.20505347e+01;2.99168120e-19
1.20605348e+01;2.98960010e-19
1.20705349e+01;2.98752170e-19
1.20805350e+01;2.98544570e-19
1.20905351e+01;2.98337220e-19
1.21005352e+01;2.98130310e-19
1.21105354e+01;2.97923490e-19
1.21205355e+01;2.97717090e-19
1.21305356e+01;2.97510900e-19
1.21405357e+01;2.97304940e-19
1.21505358e+01;2.97099380e-19
1.21605359e+01;2.96894090e-19
1.21705361e+01;2.96688990e-19
1.21805362e+01;2.96484200e-19
1.21905363e+01;2.96279700e-19
1.22005364e+01;2.96075560e-19
1.22105365e+01;2.95871530e-19
1.22205366e+01;2.95667860e-19
1.22305368e+01;2.95464500e-19
1.22405369e+01;2.95261470e-19
1.22505370e+01;2.95058630e-19
1.22605371e+01;2.94856290e-19
1.22705372e+01;2.94653840e-19
1.22805373e+01;2.94451930e-19
1.22905375e+01;2.94250260e-19
1.23005376e+01;2.94048890e-19
1.23105377e+01;2.93847780e-19
1.23205378e+01;2.93646920e-19
1.23305379e+01;2.93446360e-19
1.23405380e+01;2.93246620e-19
1.23505517e+01;2.93046700e-19
1.23605519e+01;2.92734230e-19
1.23705520e+01;2.92645790e-19
1.23805521e+01;2.92446470e-19
1.23905522e+01;2.92248120e-19
1.24005523e+01;2.92049650e-19
1.24105525e+01;2.91851260e-19
1.24205526e+01;2.91653360e-19
1.24305527e+01;2.91455470e-19
1.24405528e+01;2.91258610e-19
1.24505529e+01;2.91060990e-19
1.24605530e+01;2.90863760e-19
1.24705532e+01;2.90667260e-19
1.24805533e+01;2.90470750e-19
1.24905534e+01;2.90274570e-19
1.25005535e+01;2.90078830e-19
1.25105536e+01;2.89883320e-19
1.25205537e+01;2.89687880e-19
1.25305538e+01;2.89492940e-19
1.25405540e+01;2.89298320e-19
1.25505541e+01;2.89103520e-19
1.25605542e+01;2.88909540e-19
1.25705543e+01;2.88715480e-19
1.25805544e+01;2.88521860e-19
1.25905545e+01;2.88328470e-19
1.26005547e+01;2.88135190e-19
1.26105548e+01;2.87942410e-19
1.26205549e+01;2.87749590e-19
1.26305550e+01;2.87557370e-19
1.26405551e+01;2.87365370e-19
1.26505552e+01;2.87173430e-19
1.26605554e+01;2.86981840e-19
1.26705555e+01;2.86790620e-19
1.26805556e+01;2.86599450e-19
1.26905557e+01;2.86408580e-19
1.27005558e+01;2.86218180e-19
1.27105559e+01;2.86027880e-19
1.27205561e+01;2.85837860e-19
1.27305562e+01;2.85648070e-19
1.27405563e+01;2.85458600e-19
1.27505564e+01;2.85269500e-19
1.27605565e+01;2.85080300e-19
1.27705702e+01;2.84891150e-19
1.27805704e+01;2.84702890e-19
1.27905705e+01;2.84514810e-19
1.28005706e+01;2.84327070e-19
1.28105707e+01;2.84139570e-19
1.28205708e+01;2.83952000e-19
1.28305709e+01;2.83764480e-19
1.28405710e+01;2.83577830e-19
1.28505712e+01;2.83391040e-19
1.28605713e+01;2.83205000e-19
1.28705714e+01;2.83019110e-19
1.28805715e+01;2.82833630e-19
1.28905716e+01;2.82649170e-19
1.29005717e+01;2.82460500e-19
1.29105719e+01;2.82296530e-19
1.29205720e+01;2.82067900e-19
1.29305721e+01;2.81899790e-19
1.29405722e+01;2.81716910e-19
1.29505723e+01;2.81533780e-19
1.29605725e+01;2.81350280e-19
1.29705726e+01;2.81166800e-19
1.29805727e+01;2.80983500e-19
1.29905728e+01;2.80800780e-19
1.30005729e+01;2.80617820e-19
1.30105730e+01;2.80435600e-19
1.30205732e+01;2.80253220e-19
1.30305733e+01;2.80071050e-19
1.30405734e+01;2.79889140e-19
1.30505735e+01;2.79707270e-19
1.30605736e+01;2.79525960e-19
1.30705737e+01;2.79345020e-19
1.30805738e+01;2.79164360e-19
1.30905740e+01;2.78983450e-19
1.31005741e+01;2.78803010e-19
1.31105742e+01;2.78622420e-19
1.31205743e+01;2.78442730e-19
1.31305744e+01;2.78262780e-19
1.31405745e+01;2.78082780e-19
1.31505747e+01;2.77903400e-19
1.31605748e+01;2.77723610e-19
1.31705749e+01;2.77539850e-19
1.31805750e+01;2.77398550e-19
1.31905887e+01;2.77200430e-19
1.32005889e+01;2.77018460e-19
1.32105890e+01;2.76840340e-19
1.32205891e+01;2.76662080e-19
1.32305892e+01;2.76485400e-19
1.32405893e+01;2.76308630e-19
1.32505894e+01;2.76131990e-19
1.32605895e+01;2.75955790e-19
1.32705897e+01;2.75779750e-19
1.32805898e+01;2.75604070e-19
1.32905899e+01;2.75428780e-19
1.33005900e+01;2.75253690e-19
1.33105901e+01;2.75078930e-19
1.33205902e+01;2.74904480e-19
1.33305904e+01;2.74730330e-19
1.33405905e+01;2.74556420e-19
1.33505906e+01;2.74382820e-19
1.33605907e+01;2.74209550e-19
1.33705908e+01;2.74036620e-19
1.33805909e+01;2.73863790e-19
1.33905910e+01;2.73691230e-19
1.34005912e+01;2.73519050e-19
1.34105913e+01;2.73347230e-19
1.34205914e+01;2.73175630e-19
1.34305915e+01;2.73004250e-19
1.34405916e+01;2.72833180e-19
1.34505917e+01;2.72662440e-19
1.34605919e+01;2.72491870e-19
1.34705920e+01;2.72321770e-19
1.34805921e+01;2.72151850e-19
1.34905922e+01;2.71982230e-19
1.35005923e+01;2.71812930e-19
1.35105925e+01;2.71643900e-19
1.35205926e+01;2.71475210e-19
1.35305927e+01;2.71306750e-19
1.35405928e+01;2.71138400e-19
1.35505929e+01;2.70970660e-19
1.35605930e+01;2.70803050e-19
1.35705932e+01;2.70635870e-19
1.35805933e+01;2.70468730e-19
1.35905934e+01;2.70302150e-19
1.36005935e+01;2.70135680e-19
1.36106072e+01;2.69969280e-19
1.36206073e+01;2.69803450e-19
1.36306074e+01;2.69637890e-19
1.36406076e+01;2.69472640e-19
1.36506077e+01;2.69307670e-19
1.36606078e+01;2.69142970e-19
1.36706079e+01;2.68978700e-19
1.36806080e+01;2.68814550e-19
1.36906081e+01;2.68650890e-19
1.37006083e+01;2.68487430e-19
1.37106084e+01;2.68324020e-19
1.37206085e+01;2.68161300e-19
1.37306086e+01;2.67998660e-19
1.37406087e+01;2.67836370e-19
1.37506089e+01;2.67674320e-19
1.37606090e+01;2.67512690e-19
1.37706091e+01;2.67351200e-19
1.37806092e+01;2.67190130e-19
1.37906093e+01;2.67029210e-19
1.38006094e+01;2.66868720e-19
1.38106095e+01;2.66708370e-19
1.38206097e+01;2.66548670e-19
1.38306098e+01;2.66389070e-19
1.38406099e+01;2.66229500e-19
1.38506100e+01;2.66071010e-19
1.38606101e+01;2.65912680e-19
1.38706102e+01;2.65761440e-19
1.38806104e+01;2.65592370e-19
1.38906105e+01;2.65436300e-19
1.39006106e+01;2.65278500e-19
1.39106107e+01;2.65121330e-19
1.39206108e+01;2.64964390e-19
1.39306109e+01;2.64807650e-19
1.39406110e+01;2.64651390e-19
1.39506112e+01;2.64495120e-19
1.39606113e+01;2.64338840e-19
1.39706114e+01;2.64183750e-19
1.39806115e+01;2.64028220e-19
1.39906116e+01;2.63873550e-19
1.40006117e+01;2.63718760e-19
1.40106119e+01;2.63564060e-19
1.40206120e+01;2.63409940e-19
1.40306257e+01;2.63256260e-19
1.40406258e+01;2.63102440e-19
1.40506259e+01;2.62949230e-19
1.40606261e+01;2.62796400e-19
1.40706262e+01;2.62643680e-19
1.40806263e+01;2.62491110e-19
1.40906264e+01;2.62339180e-19
1.41006265e+01;2.62187230e-19
1.41106266e+01;2.62035820e-19
1.41206267e+01;2.61884210e-19
1.41306269e+01;2.61734100e-19
1.41406270e+01;2.61582900e-19
1.41506271e+01;2.61428770e-19
1.41606272e+01;2.61292240e-19
1.41706273e+01;2.61137390e-19
1.41806274e+01;2.60985570e-19
1.41906276e+01;2.60835650e-19
1.42006277e+01;2.60686520e-19
1.42106278e+01;2.60538200e-19
1.42206279e+01;2.60389200e-19
1.42306280e+01;2.60241630e-19
1.42406281e+01;2.60100780e-19
1.42506283e+01;2.59946210e-19
1.42606284e+01;2.59799010e-19
1.42706285e+01;2.59652450e-19
1.42806286e+01;2.59505580e-19
1.42906287e+01;2.59359480e-19
1.43006289e+01;2.59213650e-19
1.43106290e+01;2.59067890e-19
1.43206291e+01;2.58922840e-19
1.43306292e+01;2.58776880e-19
1.43406293e+01;2.58632430e-19
1.43506294e+01;2.58488150e-19
1.43606295e+01;2.58343720e-19
1.43706297e+01;2.58200200e-19
1.43806298e+01;2.58056730e-19
1.43906299e+01;2.57913150e-19
1.44006300e+01;2.57770140e-19
1.44106301e+01;2.57627600e-19
1.44206302e+01;2.57485050e-19
1.44306304e+01;2.57342990e-19
1.44406305e+01;2.57201130e-19
1.44506442e+01;2.57059430e-19
1.44606443e+01;2.56918240e-19
1.44706444e+01;2.56777340e-19
1.44806445e+01;2.56636610e-19
1.44906447e+01;2.56496530e-19
1.45006448e+01;2.56356440e-19
1.45106449e+01;2.56216620e-19
1.45206450e+01;2.56077180e-19
1.45306451e+01;2.55938090e-19
1.45406452e+01;2.55799400e-19
1.45506454e+01;2.55660850e-19
1.45606455e+01;2.55522600e-19
1.45706456e+01;2.55384710e-19
1.45806457e+01;2.55247030e-19
1.45906458e+01;2.55109760e-19
1.46006459e+01;2.54972730e-19
1.46106461e+01;2.54836040e-19
1.46206462e+01;2.54699710e-19
1.46306463e+01;2.54563580e-19
1.46406464e+01;2.54427350e-19
1.46506465e+01;2.54292740e-19
1.46606466e+01;2.54157270e-19
1.46706467e+01;2.54022290e-19
1.46806469e+01;2.53887550e-19
1.46906470e+01;2.53753290e-19
1.47006471e+01;2.53619220e-19
1.47106472e+01;2.53485610e-19
1.47206473e+01;2.53352290e-19
1.47306474e+01;2.53219300e-19
1.47406476e+01;2.53086170e-19
1.47506477e+01;2.52954450e-19
1.47606478e+01;2.52821580e-19
1.47706479e+01;2.52690040e-19
1.47806480e+01;2.52558250e-19
1.47906482e+01;2.52427050e-19
1.48006483e+01;2.52296060e-19
1.48106484e+01;2.52165450e-19
1.48206485e+01;2.52035100e-19
1.48306486e+01;2.51905100e-19
1.48406487e+01;2.51775190e-19
1.48506489e+01;2.51645900e-19
1.48606490e+01;2.51516820e-19
1.48706627e+01;2.51387770e-19
1.48806628e+01;2.51259320e-19
1.48906629e+01;2.51130990e-19
1.49006630e+01;2.51002880e-19
1.49106631e+01;2.50875440e-19
1.49206633e+01;2.50747930e-19
1.49306634e+01;2.50621190e-19
1.49406635e+01;2.50494400e-19
1.49506636e+01;2.50368180e-19
1.49606637e+01;2.50242330e-19
1.49706638e+01;2.50116490e-19
1.49806640e+01;2.49991110e-19
1.49906641e+01;2.49865710e-19
1.50006642e+01;2.49740650e-19
1.50106643e+01;2.49615990e-19
1.50206644e+01;2.49492080e-19
1.50306645e+01;2.49367920e-19
1.50406647e+01;2.49244260e-19
1.50506648e+01;2.49120900e-19
1.50606649e+01;2.48997970e-19
1.50706650e+01;2.48875060e-19
1.50806651e+01;2.48752870e-19
1.50906652e+01;2.48630600e-19
1.51006654e+01;2.48508790e-19
1.51106655e+01;2.48387400e-19
1.51206656e+01;2.48266170e-19
1.51306657e+01;2.48145280e-19
1.51406658e+01;2.48024470e-19
1.51506659e+01;2.47904060e-19
1.51606661e+01;2.47784040e-19
1.51706662e+01;2.47664300e-19
1.51806663e+01;2.47544870e-19
1.51906664e+01;2.47425680e-19
1.52006665e+01;2.47306790e-19
1.52106666e+01;2.47188260e-19
1.52206667e+01;2.47069800e-19
1.52306669e+01;2.46951840e-19
1.52406670e+01;2.46834140e-19
1.52506671e+01;2.46716510e-19
1.52606672e+01;2.46599350e-19
1.52706673e+01;2.46478880e-19
1.52806811e+01;2.46367880e-19
1.52906812e+01;2.46250880e-19
1.53006813e+01;2.46134980e-19
1.53106814e+01;2.46019050e-19
1.53206815e+01;2.45903590e-19
1.53306816e+01;2.45788590e-19
1.53406817e+01;2.45673760e-19
1.53506819e+01;2.45559310e-19
1.53606820e+01;2.45445110e-19
1.53706821e+01;2.45331110e-19
1.53806822e+01;2.45217730e-19
1.53906823e+01;2.45104600e-19
1.54006824e+01;2.44991450e-19
1.54106826e+01;2.44878730e-19
1.54206827e+01;2.44766230e-19
1.54306828e+01;2.44654160e-19
1.54406829e+01;2.44542380e-19
1.54506830e+01;2.44430620e-19
1.54606831e+01;2.44319380e-19
1.54706833e+01;2.44208480e-19
1.54806834e+01;2.44097580e-19
1.54906835e+01;2.43987120e-19
1.55006836e+01;2.43877160e-19
1.55106837e+01;2.43767170e-19
1.55206838e+01;2.43657750e-19
1.55306840e+01;2.43548300e-19
1.55406841e+01;2.43439450e-19
1.55506842e+01;2.43330640e-19
1.55606843e+01;2.43222200e-19
1.55706844e+01;2.43114000e-19
1.55806845e+01;2.43006150e-19
1.55906847e+01;2.42898440e-19
1.56006848e+01;2.42791170e-19
1.56106849e+01;2.42684200e-19
1.56206850e+01;2.42577360e-19
1.56306851e+01;2.42470940e-19
1.56406852e+01;2.42364740e-19
1.56506854e+01;2.42258960e-19
1.56606855e+01;2.42153220e-19
1.56706856e+01;2.42047760e-19
1.56806857e+01;2.41942790e-19
1.56906858e+01;2.41837980e-19
1.57006859e+01;2.41733450e-19
1.57106997e+01;2.41628950e-19
1.57206998e+01;2.41525140e-19
1.57306999e+01;2.41421340e-19
1.57407000e+01;2.41317850e-19
1.57507001e+01;2.41214660e-19
1.57607002e+01;2.41111940e-19
1.57707004e+01;2.41009370e-19
1.57807005e+01;2.40906930e-19
1.57907006e+01;2.40804940e-19
1.58007007e+01;2.40703160e-19
1.58107008e+01;2.40601680e-19
1.58207009e+01;2.40500460e-19
1.58307011e+01;2.40399530e-19
1.58407012e+01;2.40298720e-19
1.58507013e+01;2.40198650e-19
1.58607014e+01;2.40098300e-19
1.58707015e+01;2.39998520e-19
1.58807016e+01;2.39898540e-19
1.58907017e+01;2.39820400e-19
1.59007019e+01;2.39700720e-19
1.59107020e+01;2.39603630e-19
1.59207021e+01;2.39507830e-19
1.59307022e+01;2.39400910e-19
1.59407023e+01;2.39305590e-19
1.59507024e+01;2.39208110e-19
1.59607026e+01;2.39111590e-19
1.59707027e+01;2.39014150e-19
1.59807028e+01;2.38916970e-19
1.59907029e+01;2.38820760e-19
1.60007030e+01;2.38724730e-19
1.60107032e+01;2.38628330e-19
1.60207033e+01;2.38532870e-19
1.60307034e+01;2.38437050e-19
1.60407035e+01;2.38342220e-19
1.60507036e+01;2.38246690e-19
1.60607037e+01;2.38152120e-19
1.60707039e+01;2.38057850e-19
1.60807040e+01;2.37963570e-19
1.60907041e+01;2.37869510e-19
1.61007042e+01;2.37775990e-19
1.61107043e+01;2.37682610e-19
1.61207180e+01;2.37589210e-19
1.61307181e+01;2.37496230e-19
1.61407183e+01;2.37403650e-19
1.61507184e+01;2.37311440e-19
1.61607185e+01;2.37219260e-19
1.61707186e+01;2.37127420e-19
1.61807187e+01;2.37035840e-19
1.61907188e+01;2.36944800e-19
1.62007190e+01;2.36853810e-19
1.62107191e+01;2.36763080e-19
1.62207192e+01;2.36672510e-19
1.62307193e+01;2.36582330e-19
1.62407194e+01;2.36492190e-19
1.62507195e+01;2.36402550e-19
1.62607197e+01;2.36313270e-19
1.62707198e+01;2.36224010e-19
1.62807199e+01;2.36134860e-19
1.62907200e+01;2.36046610e-19
1.63007201e+01;2.35958250e-19
1.63107202e+01;2.35870070e-19
1.63207204e+01;2.35781840e-19
1.63307205e+01;2.35694870e-19
1.63407206e+01;2.35607210e-19
1.63507207e+01;2.35520230e-19
1.63607208e+01;2.35433450e-19
1.63707209e+01;2.35347720e-19
1.63807211e+01;2.35260370e-19
1.63907212e+01;2.35174780e-19
1.64007213e+01;2.35087080e-19
1.64107214e+01;2.34996250e-19
1.64207215e+01;2.34917940e-19
1.64307216e+01;2.34833300e-19
1.64407218e+01;2.34747960e-19
1.64507219e+01;2.34663120e-19
1.64607220e+01;2.34578550e-19
1.64707221e+01;2.34494320e-19
1.64807222e+01;2.34410750e-19
1.64907223e+01;2.34327360e-19
1.65007225e+01;2.34244140e-19
1.65107226e+01;2.34161330e-19
1.65207227e+01;2.34078240e-19
1.65307228e+01;2.33996010e-19
1.65407365e+01;2.33913360e-19
1.65507366e+01;2.33831380e-19
1.65607368e+01;2.33749850e-19
1.65707369e+01;2.33668250e-19
1.65807370e+01;2.33587220e-19
1.65907371e+01;2.33506180e-19
1.66007372e+01;2.33425320e-19
1.66107373e+01;2.33344710e-19
1.66207375e+01;2.33264570e-19
1.66307376e+01;2.33184530e-19
1.66407377e+01;2.33104750e-19
1.66507378e+01;2.33025440e-19
1.66607379e+01;2.32946050e-19
1.66707380e+01;2.32867060e-19
1.66807381e+01;2.32788100e-19
1.66907383e+01;2.32709800e-19
1.67007384e+01;2.32631560e-19
1.67107385e+01;2.32557830e-19
1.67207386e+01;2.32475280e-19
1.67307387e+01;2.32398140e-19
1.67407388e+01;2.32320550e-19
1.67507390e+01;2.32243610e-19
1.67607391e+01;2.32166590e-19
1.67707392e+01;2.32090240e-19
1.67807393e+01;2.32013810e-19
1.67907394e+01;2.31937720e-19
1.68007395e+01;2.31861840e-19
1.68107397e+01;2.31786150e-19
1.68207398e+01;2.31710910e-19
1.68307399e+01;2.31635610e-19
1.68407400e+01;2.31560640e-19
1.68507401e+01;2.31485930e-19
1.68607402e+01;2.31411550e-19
1.68707404e+01;2.31337340e-19
1.68807405e+01;2.31263300e-19
1.68907406e+01;2.31189630e-19
1.69007407e+01;2.31115950e-19
1.69107408e+01;2.31042810e-19
1.69207409e+01;2.30969630e-19
1.69307411e+01;2.30896920e-19
1.69407412e+01;2.30824250e-19
1.69507413e+01;2.30752010e-19
1.69607550e+01;2.30679710e-19
1.69707551e+01;2.30607750e-19
1.69807552e+01;2.30536000e-19
1.69907554e+01;2.30464560e-19
1.70007555e+01;2.30393400e-19
1.70107556e+01;2.30322450e-19
1.70207557e+01;2.30251580e-19
1.70307558e+01;2.30181180e-19
1.70407559e+01;2.30110790e-19
1.70507561e+01;2.30040750e-19
1.70607562e+01;2.29970970e-19
1.70707563e+01;2.29901330e-19
1.70807564e+01;2.29831890e-19
1.70907565e+01;2.29762820e-19
1.71007566e+01;2.29694310e-19
1.71107568e+01;2.29625560e-19
1.71207569e+01;2.29555930e-19
1.71307570e+01;2.29488250e-19
1.71407571e+01;2.29419920e-19
1.71507572e+01;2.29352190e-19
1.71607573e+01;2.29284550e-19
1.71707574e+01;2.29217260e-19
1.71807576e+01;2.29149980e-19
1.71907577e+01;2.29083050e-19
1.72007578e+01;2.29016530e-19
1.72107579e+01;2.28950020e-19
1.72207580e+01;2.28883690e-19
1.72307581e+01;2.28817520e-19
1.72407583e+01;2.28751650e-19
1.72507584e+01;2.28686010e-19
1.72607585e+01;2.28620730e-19
1.72707586e+01;2.28555470e-19
1.72807587e+01;2.28490470e-19
1.72907588e+01;2.28425690e-19
1.73007590e+01;2.28361100e-19
1.73107591e+01;2.28296750e-19
1.73207592e+01;2.28232520e-19
1.73307593e+01;2.28168890e-19
1.73407594e+01;2.28105110e-19
1.73507595e+01;2.28041580e-19
1.73607597e+01;2.27978250e-19
1.73707598e+01;2.27915290e-19
1.73807735e+01;2.27852140e-19
1.73907736e+01;2.27789410e-19
1.74007737e+01;2.27727070e-19
1.74107739e+01;2.27664910e-19
1.74207740e+01;2.27602760e-19
1.74307741e+01;2.27541110e-19
1.74407742e+01;2.27479510e-19
1.74507743e+01;2.27418290e-19
1.74607744e+01;2.27356980e-19
1.74707746e+01;2.27296220e-19
1.74807747e+01;2.27235420e-19
1.74907748e+01;2.27174930e-19
1.75007749e+01;2.27114570e-19
1.75107750e+01;2.27054320e-19
1.75207751e+01;2.26994560e-19
1.75307752e+01;2.26934870e-19
1.75407754e+01;2.26875230e-19
1.75507755e+01;2.26815980e-19
1.75607756e+01;2.26757030e-19
1.75707757e+01;2.26698200e-19
1.75807758e+01;2.26639450e-19
1.75907759e+01;2.26580980e-19
1.76007761e+01;2.26522680e-19
1.76107762e+01;2.26464710e-19
1.76207763e+01;2.26406740e-19
1.76307764e+01;2.26349270e-19
1.76407765e+01;2.26291730e-19
1.76507766e+01;2.26234590e-19
1.76607768e+01;2.26177310e-19
1.76707769e+01;2.26120650e-19
1.76807770e+01;2.26064080e-19
1.76907771e+01;2.26007540e-19
1.77007772e+01;2.25951280e-19
1.77107773e+01;2.25895460e-19
1.77207774e+01;2.25839760e-19
1.77307776e+01;2.25783960e-19
1.77407777e+01;2.25728700e-19
1.77507778e+01;2.25673530e-19
1.77607779e+01;2.25619470e-19
1.77707780e+01;2.25564440e-19
1.77807781e+01;2.25508510e-19
1.77907919e+01;2.25453990e-19
1.78007920e+01;2.25399910e-19
1.78107921e+01;2.25345610e-19
1.78207922e+01;2.25291680e-19
1.78307923e+01;2.25238570e-19
1.78407924e+01;2.25184690e-19
1.78507926e+01;2.25131640e-19
1.78607927e+01;2.25078730e-19
1.78707928e+01;2.25025710e-19
1.78807929e+01;2.24973060e-19
1.78907930e+01;2.24920660e-19
1.79007931e+01;2.24868440e-19
1.79107933e+01;2.24816320e-19
1.79207934e+01;2.24764440e-19
1.79307935e+01;2.24712750e-19
1.79407936e+01;2.24661410e-19
1.79507937e+01;2.24610000e-19
1.79607939e+01;2.24558800e-19
1.79707940e+01;2.24507890e-19
1.79807941e+01;2.24457200e-19
1.79907942e+01;2.24406670e-19
1.80007943e+01;2.24356330e-19
1.80107944e+01;2.24306140e-19
1.80207946e+01;2.24256280e-19
1.80307947e+01;2.24206370e-19
1.80407948e+01;2.24156790e-19
1.80507949e+01;2.24107510e-19
1.80607950e+01;2.24058260e-19
1.80707951e+01;2.24009200e-19
1.80807952e+01;2.23960310e-19
1.80907954e+01;2.23782120e-19
1.81007955e+01;2.23863460e-19
1.81107956e+01;2.23815110e-19
1.81207957e+01;2.23766950e-19
1.81307958e+01;2.23719170e-19
1.81407959e+01;2.23671230e-19
1.81507961e+01;2.23623830e-19
1.81607962e+01;2.23576460e-19
1.81707963e+01;2.23529400e-19
1.81807964e+01;2.23482350e-19
1.81907965e+01;2.23435610e-19
1.82007966e+01;2.23388940e-19
1.82107968e+01;2.23342610e-19
1.82208105e+01;2.23296280e-19
1.82308106e+01;2.23250230e-19
1.82408107e+01;2.23204440e-19
1.82508108e+01;2.23153330e-19
1.82608109e+01;2.23112270e-19
1.82708111e+01;2.23067590e-19
1.82808112e+01;2.23022140e-19
1.82908113e+01;2.22977240e-19
1.83008114e+01;2.22932580e-19
1.83108115e+01;2.22886000e-19
1.83208116e+01;2.22843420e-19
1.83308118e+01;2.22799400e-19
1.83408119e+01;2.22754580e-19
1.83508120e+01;2.22711090e-19
1.83608121e+01;2.22667150e-19
1.83708122e+01;2.22623720e-19
1.83808123e+01;2.22580570e-19
1.83908124e+01;2.22536630e-19
1.84008126e+01;2.22494070e-19
1.84108127e+01;2.22450720e-19
1.84208128e+01;2.22409570e-19
1.84308129e+01;2.22365300e-19
1.84408130e+01;2.22323190e-19
1.84508131e+01;2.22280940e-19
1.84608133e+01;2.22238990e-19
1.84708134e+01;2.22197090e-19
1.84808135e+01;2.22155620e-19
1.84908136e+01;2.22113900e-19
1.85008137e+01;2.22072410e-19
1.85108139e+01;2.22031330e-19
1.85208140e+01;2.21990310e-19
1.85308141e+01;2.21949380e-19
1.85408142e+01;2.21908520e-19
1.85508143e+01;2.21868020e-19
1.85608144e+01;2.21827850e-19
1.85708146e+01;2.21787510e-19
1.85808147e+01;2.21747380e-19
1.85908148e+01;2.21707710e-19
1.86008149e+01;2.21667850e-19
1.86108150e+01;2.21628370e-19
1.86208151e+01;2.21588870e-19
1.86308152e+01;2.21549850e-19
1.86408290e+01;2.21510230e-19
1.86508291e+01;2.21471540e-19
1.86608292e+01;2.21432850e-19
1.86708293e+01;2.21394310e-19
1.86808294e+01;2.21355710e-19
1.86908296e+01;2.21317610e-19
1.87008297e+01;2.21278010e-19
1.87108298e+01;2.21241580e-19
1.87208299e+01;2.21203750e-19
1.87308300e+01;2.21166040e-19
1.87408301e+01;2.21128500e-19
1.87508302e+01;2.21091190e-19
1.87608304e+01;2.21054210e-19
1.87708305e+01;2.21017110e-19
1.87808306e+01;2.20980360e-19
1.87908307e+01;2.20943320e-19
1.88008308e+01;2.20906780e-19
1.88108309e+01;2.20870680e-19
1.88208311e+01;2.20834330e-19
1.88308312e+01;2.20798180e-19
1.88408313e+01;2.20762160e-19
1.88508314e+01;2.20726440e-19
1.88608315e+01;2.20690650e-19
1.88708316e+01;2.20655450e-19
1.88808318e+01;2.20620020e-19
1.88908319e+01;2.20584810e-19
1.89008320e+01;2.20549880e-19
1.89108321e+01;2.20515090e-19
1.89208322e+01;2.20479990e-19
1.89308323e+01;2.20446050e-19
1.89408324e+01;2.20411870e-19
1.89508326e+01;2.20367920e-19
1.89608327e+01;2.20342290e-19
1.89708328e+01;2.20308750e-19
1.89808329e+01;2.20274910e-19
1.89908330e+01;2.20241190e-19
1.90008331e+01;2.20207610e-19
1.90108333e+01;2.20174140e-19
1.90208334e+01;2.20140900e-19
1.90308335e+01;2.20107880e-19
1.90408336e+01;2.20074850e-19
1.90508473e+01;2.20041700e-19
1.90608475e+01;2.20008930e-19
1.90708476e+01;2.19976470e-19
1.90808477e+01;2.19944240e-19
1.90908478e+01;2.19911850e-19
1.91008479e+01;2.19879700e-19
1.91108480e+01;2.19847880e-19
1.91208482e+01;2.19815760e-19
1.91308483e+01;2.19784230e-19
1.91408484e+01;2.19752590e-19
1.91508485e+01;2.19721290e-19
1.91608486e+01;2.19688580e-19
1.91708487e+01;2.19658400e-19
1.91808489e+01;2.19624800e-19
1.91908490e+01;2.19596480e-19
1.92008491e+01;2.19566010e-19
1.92108492e+01;2.19535650e-19
1.92208493e+01;2.19505040e-19
1.92308494e+01;2.19474680e-19
1.92408496e+01;2.19444570e-19
1.92508497e+01;2.19414620e-19
1.92608498e+01;2.19384470e-19
1.92708499e+01;2.19354680e-19
1.92808500e+01;2.19325090e-19
1.92908501e+01;2.19295760e-19
1.93008502e+01;2.19266200e-19
1.93108504e+01;2.19237140e-19
1.93208505e+01;2.19207930e-19
1.93308506e+01;2.19179000e-19
1.93408507e+01;2.19150140e-19
1.93508508e+01;2.19121360e-19
1.93608509e+01;2.19092810e-19
1.93708511e+01;2.19064260e-19
1.93808512e+01;2.19035930e-19
1.93908513e+01;2.19007770e-19
1.94008514e+01;2.18979770e-19
1.94108515e+01;2.18951810e-19
1.94208516e+01;2.18924210e-19
1.94308518e+01;2.18896290e-19
1.94408519e+01;2.18869130e-19
1.94508520e+01;2.18841630e-19
1.94608521e+01;2.18813960e-19
1.94708658e+01;2.18786820e-19
1.94808659e+01;2.18759900e-19
1.94908661e+01;2.18732790e-19
1.95008662e+01;2.18705550e-19
1.95108663e+01;2.18678410e-19
1.95208664e+01;2.18651810e-19
1.95308665e+01;2.18626030e-19
1.95408666e+01;2.18599850e-19
1.95508668e+01;2.18573690e-19
1.95608669e+01;2.18547780e-19
1.95708670e+01;2.18521950e-19
1.95808671e+01;2.18496250e-19
1.95908672e+01;2.18470370e-19
1.96008673e+01;2.18444590e-19
1.96108675e+01;2.18419640e-19
1.96208676e+01;2.18395350e-19
1.96308677e+01;2.18368850e-19
1.96408678e+01;2.18343750e-19
1.96508679e+01;2.18318750e-19
1.96608680e+01;2.18294170e-19
1.96708682e+01;2.18269280e-19
1.96808683e+01;2.18244890e-19
1.96908684e+01;2.18220410e-19
1.97008685e+01;2.18195930e-19
1.97108686e+01;2.18171460e-19
1.97208687e+01;2.18147500e-19
1.97308689e+01;2.18124870e-19
1.97408690e+01;2.18081550e-19
1.97508691e+01;2.18074650e-19
1.97608692e+01;2.18051750e-19
1.97708693e+01;2.18028030e-19
1.97808694e+01;2.18004760e-19
1.97908696e+01;2.17981760e-19
1.98008697e+01;2.17958690e-19
1.98108698e+01;2.17935490e-19
1.98208699e+01;2.17912810e-19
1.98308700e+01;2.17890880e-19
1.98408701e+01;2.17863960e-19
1.98508702e+01;2.17843100e-19
1.98608704e+01;2.17821330e-19
1.98708705e+01;2.17798460e-19
1.98808706e+01;2.17776450e-19
1.98908843e+01;2.17754250e-19
1.99008844e+01;2.17731920e-19
1.99108845e+01;2.17710080e-19
1.99208847e+01;2.17687930e-19
1.99308848e+01;2.17666310e-19
1.99408849e+01;2.17644700e-19
1.99508850e+01;2.17622810e-19
1.99608851e+01;2.17601550e-19
1.99708852e+01;2.17579930e-19
1.99808854e+01;2.17558830e-19
1.99908855e+01;2.17537770e-19
2.00008856e+01;2.17516530e-19
2.04009038e+01;2.16753600e-19
2.06009062e+01;2.16424600e-19
2.08009221e+01;2.16125250e-19
2.10009244e+01;2.15852200e-19
2.12009404e+01;2.15601460e-19
2.14009427e+01;2.15369340e-19
2.16009586e+01;2.15153740e-19
2.18009609e+01;2.14949960e-19
2.20009769e+01;2.14754080e-19
2.22009792e+01;2.14563450e-19
2.24009951e+01;2.14373670e-19
2.26009975e+01;2.14179200e-19
2.28009998e+01;2.13983370e-19
2.30010157e+01;2.13776060e-19
2.32010180e+01;2.13555880e-19
2.34010340e+01;2.13319780e-19
2.36010363e+01;2.13065220e-19
2.38010522e+01;2.12788830e-19
2.40010545e+01;2.12489130e-19
2.42010705e+01;2.12161470e-19
2.44010728e+01;2.11803260e-19
2.46010887e+01;2.11415170e-19
2.48010911e+01;2.10990390e-19
2.50011070e+01;2.10569350e-19
2.52011093e+01;2.10028860e-19
2.54011252e+01;2.09487940e-19
2.56011276e+01;2.08905050e-19
2.58011435e+01;2.08278330e-19
2.60011458e+01;2.07606440e-19
2.62011618e+01;2.06889090e-19
2.64011641e+01;2.06123520e-19
2.66011800e+01;2.05310490e-19
2.68011823e+01;2.04448660e-19
2.70011983e+01;2.03537490e-19
2.72012006e+01;2.02576760e-19
2.74012029e+01;2.01565540e-19
2.76012188e+01;2.00505670e-19
2.78012212e+01;1.99395650e-19
2.80012371e+01;1.98236530e-19
2.82012394e+01;1.97028580e-19
2.84012554e+01;1.95773260e-19
2.86012577e+01;1.94470230e-19
2.88012736e+01;1.93121820e-19
2.90012760e+01;1.91728010e-19
2.92012919e+01;1.90290220e-19
2.94012942e+01;1.88810200e-19
2.96013101e+01;1.87288700e-19
2.98013125e+01;1.85727790e-19
3.00013284e+01;1.84129390e-19
3.02013307e+01;1.82495040e-19
3.04013467e+01;1.80827240e-19
3.06013490e+01;1.79127920e-19
3.08013649e+01;1.77399420e-19
3.10013672e+01;1.75643140e-19
3.12013832e+01;1.73862440e-19
3.14013855e+01;1.72059510e-19
3.16013878e+01;1.70236350e-19
3.18014037e+01;1.68394530e-19
3.20014061e+01;1.66538660e-19
3.22014220e+01;1.64668120e-19
3.24014243e+01;1.62787440e-19
3.26014403e+01;1.60898240e-19
3.28014426e+01;1.59002910e-19
3.30014585e+01;1.57103820e-19
3.32014608e+01;1.55203120e-19
3.34014768e+01;1.53303070e-19
3.36014791e+01;1.51405400e-19
3.38014950e+01;1.49512300e-19
3.40014974e+01;1.47625550e-19
3.42015133e+01;1.45746680e-19
3.44015156e+01;1.43877600e-19
3.46015315e+01;1.42019570e-19
3.48015339e+01;1.40174090e-19
3.50015498e+01;1.38342840e-19
3.52015521e+01;1.36526570e-19
3.54015681e+01;1.34726810e-19
3.56015704e+01;1.32944390e-19
3.58015863e+01;1.31180750e-19
3.60015886e+01;1.29436240e-19
3.62015910e+01;1.27712200e-19
3.64016069e+01;1.26009000e-19
3.66016092e+01;1.24327470e-19
3.68016251e+01;1.22667980e-19
3.70016275e+01;1.21031100e-19
3.72016434e+01;1.19417260e-19
3.74016457e+01;1.17826680e-19
3.76016616e+01;1.16259870e-19
3.78016640e+01;1.14716880e-19
3.80016799e+01;1.13197280e-19
3.82016822e+01;1.11703130e-19
3.84016982e+01;1.10232700e-19
3.86017005e+01;1.08786570e-19
3.88017164e+01;1.07364790e-19
3.90017187e+01;1.05967660e-19
3.92017347e+01;1.04594630e-19
3.94017370e+01;1.03245900e-19
3.96017529e+01;1.01921270e-19
3.98017553e+01;1.00620670e-19
4.00017712e+01;9.93437210e-20
4.02017735e+01;9.80904860e-20
4.04017894e+01;9.68604700e-20
4.06017918e+01;9.56538290e-20
4.08017941e+01;9.44698940e-20
4.10018100e+01;9.33085560e-20
4.12018123e+01;9.21696220e-20
4.14018283e+01;9.10528790e-20
4.16018306e+01;8.99579450e-20
4.18018465e+01;8.88843900e-20
4.20018489e+01;8.78322370e-20
4.22018648e+01;8.68009490e-20
4.24018671e+01;8.57902720e-20
4.26018830e+01;8.47998390e-20
4.28018854e+01;8.38295400e-20
4.30019013e+01;8.28787900e-20
4.32019036e+01;8.19474180e-20
4.34019196e+01;8.10350010e-20
4.36019219e+01;8.01412880e-20
4.38019378e+01;7.92659390e-20
4.40019401e+01;7.84086100e-20
4.42019561e+01;7.75689060e-20
4.44019584e+01;7.67466300e-20
4.46019743e+01;7.59414730e-20
4.48019767e+01;7.51529590e-20
4.50019926e+01;7.43810140e-20
4.52019949e+01;7.36251830e-20
4.54019972e+01;7.28851600e-20
4.56020132e+01;7.21607000e-20
4.58020155e+01;7.14514420e-20
4.60020314e+01;7.07571380e-20
4.62020337e+01;7.00774290e-20
4.64020497e+01;6.94121540e-20
4.66020520e+01;6.87609250e-20
4.68020679e+01;6.81234910e-20
4.70020703e+01;6.74995730e-20
4.72020862e+01;6.68889180e-20
4.74020885e+01;6.62912440e-20
4.76021044e+01;6.57062610e-20
4.78021068e+01;6.51337670e-20
4.80021227e+01;6.45734560e-20
4.82021250e+01;6.40251440e-20
4.84021410e+01;6.34885240e-20
4.86021433e+01;6.29634060e-20
4.88021592e+01;6.24495520e-20
4.90021615e+01;6.19466890e-20
4.92021775e+01;6.14546600e-20
4.94021798e+01;6.09732220e-20
4.96021821e+01;6.05021150e-20
4.98021981e+01;6.00411510e-20
5.00022004e+01;5.95901630e-20
5.02022163e+01;5.91488590e-20
5.04022186e+01;5.87171180e-20
5.06022346e+01;5.82947020e-20
5.08022369e+01;5.78814420e-20
5.10022528e+01;5.74771250e-20
5.12022551e+01;5.70815900e-20
5.14022711e+01;5.66946460e-20
5.16022734e+01;5.63161060e-20
5.18022893e+01;5.59458180e-20
5.20022917e+01;5.55836330e-20
5.22023076e+01;5.52293150e-20
5.24023099e+01;5.48827580e-20
5.26023258e+01;5.45437970e-20
5.28023282e+01;5.42122640e-20
5.30023441e+01;5.38880170e-20
5.32023464e+01;5.35708960e-20
5.34023624e+01;5.32607710e-20
5.36023647e+01;5.29574930e-20
5.38023806e+01;5.26609160e-20
5.40023829e+01;5.23709210e-20
5.42023853e+01;5.20873470e-20
5.44024012e+01;5.18100620e-20
5.46024035e+01;5.15389760e-20
5.48024195e+01;5.12739410e-20
5.50024218e+01;5.10148170e-20
5.52024377e+01;5.07615000e-20
5.54024400e+01;5.05138880e-20
5.56024560e+01;5.02718620e-20
5.58024583e+01;5.00352740e-20
5.60024742e+01;4.98040480e-20
5.62024766e+01;4.95780850e-20
5.64024925e+01;4.93572300e-20
5.66024948e+01;4.91414470e-20
5.68025107e+01;4.89305880e-20
5.70025131e+01;4.87245710e-20
5.72025290e+01;4.85232830e-20
5.74025313e+01;4.83266710e-20
5.76025472e+01;4.81346090e-20
5.78025496e+01;4.79469900e-20
5.80025655e+01;4.77637870e-20
5.82025678e+01;4.75848560e-20
5.84025838e+01;4.74101060e-20
5.86025861e+01;4.72395020e-20
5.88025884e+01;4.70729310e-20
5.90026043e+01;4.69103240e-20
5.92026067e+01;4.67516020e-20
5.94026226e+01;4.65966750e-20
5.96026249e+01;4.64454600e-20
5.98026409e+01;4.62979360e-20
6.00026432e+01;4.61539850e-20
6.02026591e+01;4.60135580e-20
6.04026614e+01;4.58765720e-20
6.06026774e+01;4.57429840e-20
6.08026797e+01;4.56126920e-20
6.10026956e+01;4.54856460e-20
6.12026979e+01;4.53618010e-20
6.14027139e+01;4.52410690e-20
6.16027162e+01;4.51234310e-20
6.18027321e+01;4.50087580e-20
6.20027345e+01;4.48970510e-20
6.22027504e+01;4.47882270e-20
6.24027527e+01;4.46822500e-20
6.26027686e+01;4.45790290e-20
6.28027710e+01;4.44785630e-20
6.30027733e+01;4.43807560e-20
6.32027892e+01;4.42855610e-20
6.34027916e+01;4.41929550e-20
6.36028075e+01;4.41028660e-20
6.38028098e+01;4.40152370e-20
6.40028257e+01;4.39300390e-20
6.42028281e+01;4.38472300e-20
6.44028440e+01;4.37667520e-20
6.46028463e+01;4.36885420e-20
6.48028623e+01;4.36126100e-20
6.50028646e+01;4.35388690e-20
6.52028805e+01;4.34672800e-20
6.54028828e+01;4.33978100e-20
6.56028988e+01;4.33304380e-20
6.58029011e+01;4.32650780e-20
6.60029170e+01;4.32017260e-20
6.62029193e+01;4.31403590e-20
6.64029353e+01;4.30808870e-20
6.66029376e+01;4.30233140e-20
6.68029535e+01;4.29675940e-20
6.70029559e+01;4.29137060e-20
6.72029718e+01;4.28615740e-20
6.74029741e+01;4.28112100e-20
6.76029764e+01;4.27625610e-20
6.78029924e+01;4.27155930e-20
6.80029947e+01;4.26702810e-20
6.82030106e+01;4.26265640e-20
6.84030130e+01;4.25844540e-20
6.86030289e+01;4.25439080e-20
6.88030312e+01;4.25048760e-20
6.90030471e+01;4.24673530e-20
6.92030495e+01;4.24312970e-20
6.94030654e+01;4.23966820e-20
6.96030677e+01;4.23634970e-20
6.98030837e+01;4.23316830e-20
7.00030860e+01;4.23012450e-20
7.02031019e+01;4.22721380e-20
7.04031042e+01;4.22443250e-20
7.06031202e+01;4.22178120e-20
7.08031225e+01;4.21925840e-20
7.10031384e+01;4.21685760e-20
7.12031407e+01;4.21457750e-20
7.14031567e+01;4.21241660e-20
7.16031590e+01;4.21037180e-20
7.18031749e+01;4.20844270e-20
7.20031772e+01;4.20662810e-20
7.22031796e+01;4.20492130e-20
7.24031955e+01;4.20332280e-20
7.26031978e+01;4.20183160e-20
7.28032138e+01;4.20044280e-20
7.30032161e+01;4.19915740e-20
7.32032320e+01;4.19797230e-20
7.34032344e+01;4.19688410e-20
7.36032503e+01;4.19589210e-20
7.38032526e+01;4.19499590e-20
7.40032685e+01;4.19419230e-20
7.42032709e+01;4.19347720e-20
7.44032868e+01;4.19285300e-20
7.46032891e+01;4.19231460e-20
7.48033051e+01;4.19186320e-20
7.50033074e+01;4.19149550e-20
7.52033233e+01;4.19121060e-20
7.54033256e+01;4.19100580e-20
7.56033416e+01;4.19087890e-20
7.58033439e+01;4.19083150e-20
7.60033598e+01;4.19085850e-20
7.62033621e+01;4.19096180e-20
7.64033781e+01;4.19113710e-20
7.66033804e+01;4.19138450e-20
7.68033827e+01;4.19170310e-20
7.70033986e+01;4.19209030e-20
7.72034010e+01;4.19254460e-20
7.74034169e+01;4.19306340e-20
7.76034192e+01;4.19364930e-20
7.78034352e+01;4.19429600e-20
7.80034375e+01;4.19500810e-20
7.82034534e+01;4.19577740e-20
7.84034557e+01;4.19661110e-20
7.86034717e+01;4.19749950e-20
7.88034740e+01;4.19844870e-20
7.90034899e+01;4.19944960e-20
7.92034923e+01;4.20051160e-20
7.94035082e+01;4.20161980e-20
7.96035105e+01;4.20278330e-20
7.98035264e+01;4.20400370e-20
8.00035288e+01;4.20526910e-20
8.02035447e+01;4.20658350e-20
8.04035470e+01;4.20795120e-20
8.06035630e+01;4.20936460e-20
8.08035653e+01;4.21082640e-20
8.10035676e+01;4.21233310e-20
8.12035835e+01;4.21387920e-20
8.14035859e+01;4.21547210e-20
8.16036018e+01;4.21710490e-20
8.18036041e+01;4.21878530e-20
8.20036200e+01;4.22050680e-20
8.22036224e+01;4.22226500e-20
8.24036383e+01;4.22406120e-20
8.26036406e+01;4.22590150e-20
8.28036566e+01;4.22777280e-20
8.30036589e+01;4.22968140e-20
8.32036748e+01;4.23163060e-20
8.34036771e+01;4.23360920e-20
8.36036931e+01;4.23562340e-20
8.38036954e+01;4.23767540e-20
8.40037113e+01;4.23975800e-20
8.42037137e+01;4.24186970e-20
8.44037296e+01;4.24401510e-20
8.46037319e+01;4.24619090e-20
8.48037478e+01;4.24839610e-20
8.50037502e+01;4.25062950e-20
8.52037661e+01;4.25289150e-20
8.54037684e+01;4.25517720e-20
8.56037707e+01;4.25749870e-20
8.58037867e+01;4.25984080e-20
8.60037890e+01;4.26220920e-20
8.62038049e+01;4.26460350e-20
8.64038073e+01;4.26702400e-20
8.66038232e+01;4.26946790e-20
8.68038255e+01;4.27192850e-20
8.70038414e+01;4.27442010e-20
8.72038438e+01;4.27693080e-20
8.74038597e+01;4.27946520e-20
8.76038620e+01;4.28201820e-20
8.78038780e+01;4.28459290e-20
8.80038803e+01;4.28718750e-20
8.82038962e+01;4.28979610e-20
8.84038985e+01;4.29242880e-20
8.86039145e+01;4.29508040e-20
8.88039168e+01;4.29774970e-20
8.90039327e+01;4.30043490e-20
8.92039350e+01;4.30314290e-20
8.94039510e+01;4.30585590e-20
8.96039533e+01;4.30859450e-20
8.98039692e+01;4.31134090e-20
9.00039716e+01;4.31410600e-20
9.02039739e+01;4.31688470e-20
9.04039898e+01;4.31967960e-20
9.06039921e+01;4.32249020e-20
9.08040081e+01;4.32530690e-20
9.10040104e+01;4.32814250e-20
9.12040263e+01;4.33098990e-20
9.14040287e+01;4.33384710e-20
9.16040446e+01;4.33671570e-20
9.18040469e+01;4.33959750e-20
9.20040628e+01;4.34248990e-20
9.22040652e+01;4.34539140e-20
9.24040811e+01;4.34830410e-20
9.26040834e+01;4.35122130e-20
9.28040994e+01;4.35415460e-20
9.30041017e+01;4.35709660e-20
9.32041176e+01;4.36004420e-20
9.34041199e+01;4.36300230e-20
9.36041359e+01;4.36596530e-20
9.38041382e+01;4.36893950e-20
9.40041541e+01;4.37191900e-20
9.42041564e+01;4.37490580e-20
9.44041724e+01;4.37789810e-20
9.46041747e+01;4.38089630e-20
9.48041770e+01;4.38390400e-20
9.50041930e+01;4.38691160e-20
9.52041953e+01;4.38992830e-20
9.54042112e+01;4.39295080e-20
9.56042135e+01;4.39597980e-20
9.58042295e+01;4.39900890e-20
9.60042318e+01;4.40204410e-20
9.62042477e+01;4.40508350e-20
9.64042501e+01;4.40812980e-20
9.66042660e+01;4.41117840e-20
9.68042683e+01;4.41422740e-20
9.70042842e+01;4.41728480e-20
9.72042866e+01;4.42033850e-20
9.74043025e+01;4.42339440e-20
9.76043048e+01;4.42645280e-20
9.78043208e+01;4.42951680e-20
9.80043231e+01;4.43258290e-20
9.82043390e+01;4.43564660e-20
9.84043413e+01;4.43871820e-20
9.86043573e+01;4.44178550e-20
9.88043596e+01;4.44485100e-20
9.90043619e+01;4.44792530e-20
9.92043779e+01;4.45099170e-20
9.94043802e+01;4.45406300e-20
9.96043961e+01;4.45713660e-20
9.98043984e+01;4.46020570e-20
1.00004414e+02;4.46327540e-20
