0.00000000e+00;0.00000000e+00
7.20150000e+00;0.00000000e+00
7.20184781e+00;0.00000000e+00
7.26031570e+00;1.16729030e-21
7.27031582e+00;1.40881810e-21
7.28031593e+00;1.80772910e-21
7.29031605e+00;2.32834500e-21
7.30031617e+00;2.58145210e-21
7.31031628e+00;2.24701890e-21
7.32031640e+00;1.78076800e-21
7.33033012e+00;1.69435450e-21
7.34033024e+00;7.21317350e-22
7.45033152e+00;3.49700270e-22
7.46033163e+00;3.93042730e-22
7.47033175e+00;4.53655350e-22
7.48033187e+00;5.45025350e-22
7.49033198e+00;6.93994500e-22
7.50033210e+00;9.24122610e-22
7.51033221e+00;1.09521740e-21
7.52033233e+00;9.73311120e-22
7.53033245e+00;8.00439700e-22
7.54033256e+00;7.17944380e-22
7.55033268e+00;6.94027100e-22
7.56033280e+00;6.95752940e-22
7.57033291e+00;7.09302450e-22
7.58033303e+00;7.30539960e-22
7.59033314e+00;7.57320700e-22
7.60033326e+00;7.87828100e-22
7.61033338e+00;8.20607450e-22
7.62033349e+00;8.54521250e-22
7.63033361e+00;8.88685540e-22
7.64033373e+00;9.22407250e-22
7.65033384e+00;9.55127450e-22
7.66033396e+00;9.86420650e-22
7.67033407e+00;1.01601500e-21
7.68033419e+00;1.04376980e-21
7.69033431e+00;1.06972970e-21
7.70033442e+00;1.09419210e-21
7.71033454e+00;1.11775760e-21
7.72033466e+00;1.14162130e-21
7.73033477e+00;1.16791830e-21
7.74033489e+00;1.20081820e-21
7.75034861e+00;1.24892600e-21
7.76034873e+00;1.33227910e-21
7.77034884e+00;1.50406090e-21
7.78034896e+00;1.92238220e-21
7.79034907e+00;2.89767650e-21
7.80034919e+00;3.24247380e-21
7.81034931e+00;2.36507320e-21
7.82034942e+00;2.01738310e-21
7.83034954e+00;2.77969210e-21
7.84034966e+00;2.63619250e-21
7.85034977e+00;3.80856270e-21
7.86034989e+00;4.26737660e-21
7.87035000e+00;3.06936070e-21
7.88035012e+00;2.27738360e-21
7.89035024e+00;1.87743840e-21
8.10035268e+00;3.53453580e-21
8.11035280e+00;3.20286820e-21
8.12035291e+00;2.75596510e-21
8.13035303e+00;2.39043180e-21
8.63038605e+00;9.78409310e-22
9.16040582e+00;1.01433010e-21
9.17040594e+00;1.01385110e-21
9.18040605e+00;1.01100640e-21
9.19040617e+00;1.01204350e-21
9.20040628e+00;1.01089210e-21
9.21040640e+00;1.00939400e-21
9.22040652e+00;1.00921760e-21
9.23040663e+00;1.00838050e-21
9.24040675e+00;1.00750390e-21
9.25040687e+00;1.00457650e-21
9.26040698e+00;1.00564640e-21
9.27040710e+00;1.00493100e-21
9.28040721e+00;1.00449950e-21
9.29040733e+00;1.00382870e-21
9.30040745e+00;1.00544500e-21
9.31040756e+00;1.00345590e-21
9.32040768e+00;1.00338240e-21
9.33040780e+00;1.00356700e-21
9.34040791e+00;1.00328640e-21
9.35040803e+00;1.00319810e-21
9.36040814e+00;1.00353210e-21
9.37040826e+00;1.00324240e-21
9.38040838e+00;1.00336590e-21
9.39040849e+00;1.00337560e-21
9.40040861e+00;1.00361240e-21
9.41040873e+00;1.00320320e-21
9.42042245e+00;1.00411050e-21
9.43042256e+00;1.00404620e-21
9.44042268e+00;1.00453560e-21
9.45042280e+00;1.00500370e-21
9.46042291e+00;1.00546660e-21
9.47042303e+00;1.00574360e-21
9.48042315e+00;1.00610210e-21
9.49042326e+00;1.00642620e-21
9.50042338e+00;1.00724940e-21
9.51042349e+00;1.00727800e-21
9.52042361e+00;1.00759690e-21
9.53042373e+00;1.00910910e-21
9.54042384e+00;1.00924870e-21
9.55042396e+00;1.00967840e-21
9.56042408e+00;1.01004430e-21
9.57042419e+00;1.01071320e-21
9.58042431e+00;1.01124840e-21
9.59042442e+00;1.01183240e-21
9.60042454e+00;1.01245500e-21
9.61042466e+00;1.01290950e-21
9.62042477e+00;1.01362090e-21
9.63042489e+00;1.01378750e-21
9.64042501e+00;1.01460040e-21
9.65042512e+00;1.01519600e-21
9.66042524e+00;1.01582090e-21
9.67042535e+00;1.01647600e-21
9.68042547e+00;1.01720810e-21
9.69042559e+00;1.01740600e-21
9.70042570e+00;1.01818040e-21
9.71042582e+00;1.01882940e-21
9.72042594e+00;1.01946270e-21
9.73042605e+00;1.02011010e-21
9.74042617e+00;1.02069170e-21
9.75042628e+00;1.02132090e-21
9.76042640e+00;1.02194300e-21
9.77042652e+00;1.02269890e-21
9.78042663e+00;1.02326420e-21
9.79042675e+00;1.02394030e-21
9.80042687e+00;1.02449950e-21
9.81042698e+00;1.02512190e-21
9.82042710e+00;1.02573570e-21
9.83042721e+00;1.02635460e-21
9.84044094e+00;1.02696020e-21
9.85044105e+00;1.02695170e-21
9.86044117e+00;1.02882100e-21
9.87044129e+00;1.02881370e-21
9.88044140e+00;1.02942250e-21
9.89044152e+00;1.03002290e-21
9.90044163e+00;1.03060440e-21
9.91044175e+00;1.03123010e-21
9.92044187e+00;1.03171790e-21
9.93044198e+00;1.03231300e-21
9.94044210e+00;1.03288870e-21
9.95044222e+00;1.03345250e-21
9.96044233e+00;1.03397720e-21
9.97044245e+00;1.03459180e-21
9.98044256e+00;1.03513610e-21
9.99044268e+00;1.03573000e-21
1.00004428e+01;1.03647000e-21
1.00104429e+01;1.03661630e-21
1.00204430e+01;1.03727610e-21
1.00304431e+01;1.03783410e-21
1.00404433e+01;1.03835820e-21
1.00504434e+01;1.03909800e-21
1.00604435e+01;1.03945750e-21
1.00704436e+01;1.03985590e-21
1.00804437e+01;1.04044940e-21
1.00904438e+01;1.04093310e-21
1.01004440e+01;1.04134490e-21
1.01104441e+01;1.04224400e-21
1.01204442e+01;1.04265960e-21
1.01304443e+01;1.04320120e-21
1.01404444e+01;1.04375100e-21
1.01504445e+01;1.04429420e-21
1.01604447e+01;1.04495290e-21
1.01704448e+01;1.04554200e-21
1.01804449e+01;1.04601730e-21
1.01904450e+01;1.04667940e-21
1.02004451e+01;1.04730600e-21
1.02104452e+01;1.04794930e-21
1.02204454e+01;1.04862330e-21
1.02304455e+01;1.04925750e-21
1.02404456e+01;1.04996110e-21
1.02504457e+01;1.05066270e-21
1.02604594e+01;1.05133140e-21
1.02704595e+01;1.05224100e-21
1.02804597e+01;1.05297590e-21
1.02904598e+01;1.05375830e-21
1.03004599e+01;1.05457510e-21
1.03104600e+01;1.05539970e-21
1.03204601e+01;1.05616340e-21
1.03304602e+01;1.05740320e-21
1.03404604e+01;1.05818920e-21
1.03504605e+01;1.06195090e-21
1.03604606e+01;1.06022180e-21
1.03704607e+01;1.06123010e-21
1.03804608e+01;1.06228700e-21
1.03904609e+01;1.06328840e-21
1.04004611e+01;1.06447890e-21
1.04104612e+01;1.06564470e-21
1.04204613e+01;1.06683890e-21
1.04304614e+01;1.06806890e-21
1.04404615e+01;1.06933950e-21
1.04504616e+01;1.07064520e-21
1.04604618e+01;1.07197680e-21
1.04704619e+01;1.07335190e-21
1.04804620e+01;1.07475020e-21
1.04904621e+01;1.07614940e-21
1.05004622e+01;1.07745470e-21
1.05104623e+01;1.08129930e-21
1.05204625e+01;1.08120790e-21
1.05304626e+01;1.08269660e-21
1.05404627e+01;1.08431020e-21
1.05504628e+01;1.08599530e-21
1.05604629e+01;1.08771650e-21
1.05704630e+01;1.08947640e-21
1.05804631e+01;1.09128830e-21
1.05904633e+01;1.09314260e-21
1.06004634e+01;1.09502320e-21
1.06104635e+01;1.09697560e-21
1.06204636e+01;1.09894740e-21
1.06304637e+01;1.10103820e-21
1.06404638e+01;1.10299130e-21
1.06504640e+01;1.10508130e-21
1.06604641e+01;1.10721800e-21
1.06704642e+01;1.10941240e-21
1.06804779e+01;1.11161580e-21
1.06904780e+01;1.11384780e-21
1.07004782e+01;1.11623250e-21
1.07104783e+01;1.11875780e-21
1.07204784e+01;1.11973850e-21
1.07304785e+01;1.12279790e-21
1.07404786e+01;1.12511630e-21
1.07504787e+01;1.12794100e-21
1.07604788e+01;1.13030500e-21
1.07704790e+01;1.13281830e-21
1.07804791e+01;1.13532980e-21
1.07904792e+01;1.13791080e-21
1.08004793e+01;1.14051720e-21
1.08104794e+01;1.14312990e-21
1.08204795e+01;1.14578370e-21
1.08304797e+01;1.14845700e-21
1.08404798e+01;1.15116480e-21
1.08504799e+01;1.15390090e-21
1.08604800e+01;1.15664730e-21
1.08704801e+01;1.15943060e-21
1.08804802e+01;1.16223960e-21
1.08904804e+01;1.16506770e-21
1.09004805e+01;1.16792320e-21
1.09104806e+01;1.17078560e-21
1.09204807e+01;1.17367840e-21
1.09304808e+01;1.17659650e-21
1.09404809e+01;1.17953070e-21
1.09504811e+01;1.18248520e-21
1.09604812e+01;1.18544750e-21
1.09704813e+01;1.18844320e-21
1.09804814e+01;1.19145740e-21
1.09904815e+01;1.19447180e-21
1.10004816e+01;1.19750790e-21
1.10104818e+01;1.20056260e-21
1.10204819e+01;1.20363620e-21
1.10304820e+01;1.20672130e-21
1.10404821e+01;1.20981020e-21
1.10504822e+01;1.21291240e-21
1.10604823e+01;1.21603650e-21
1.10704825e+01;1.21916510e-21
1.10804826e+01;1.22230210e-21
1.10904827e+01;1.22544670e-21
1.11004964e+01;1.22860320e-21
1.11104965e+01;1.23177370e-21
1.11204966e+01;1.23494240e-21
1.11304968e+01;1.23811730e-21
1.11404969e+01;1.24130790e-21
1.11504970e+01;1.24449740e-21
1.11604971e+01;1.24769220e-21
1.11704972e+01;1.25089090e-21
1.11804973e+01;1.25409510e-21
1.11904975e+01;1.25729970e-21
1.12004976e+01;1.26050720e-21
1.12104977e+01;1.26371290e-21
1.12204978e+01;1.26692360e-21
1.12304979e+01;1.27013490e-21
1.12404980e+01;1.27334610e-21
1.12504982e+01;1.27655070e-21
1.12604983e+01;1.27975730e-21
1.12704984e+01;1.28296540e-21
1.12804985e+01;1.28616510e-21
1.12904986e+01;1.28936180e-21
1.13004987e+01;1.29255340e-21
1.13104988e+01;1.29737870e-21
1.13204990e+01;1.29894260e-21
1.13304991e+01;1.30212680e-21
1.13404992e+01;1.30530070e-21
1.13504993e+01;1.30846580e-21
1.13604994e+01;1.31162960e-21
1.13704995e+01;1.31478410e-21
1.13804997e+01;1.31793420e-21
1.13904998e+01;1.32107310e-21
1.14004999e+01;1.32420520e-21
1.14105000e+01;1.32732200e-21
1.14205001e+01;1.33043080e-21
1.14305002e+01;1.33354120e-21
1.14405004e+01;1.33662900e-21
1.14505005e+01;1.33970770e-21
1.14605006e+01;1.34278380e-21
1.14705007e+01;1.34584110e-21
1.14805008e+01;1.34888980e-21
1.14905009e+01;1.35192930e-21
1.15005011e+01;1.35495690e-21
1.15105012e+01;1.35797450e-21
1.15205149e+01;1.36097530e-21
1.15305150e+01;1.36395650e-21
1.15405151e+01;1.36694060e-21
1.15505152e+01;1.36989540e-21
1.15605154e+01;1.37287160e-21
1.15705155e+01;1.37584350e-21
1.15805156e+01;1.37883460e-21
1.15905157e+01;1.38115490e-21
1.16005158e+01;1.38435870e-21
1.16105159e+01;1.38728040e-21
1.16205161e+01;1.39014200e-21
1.16305162e+01;1.39282800e-21
1.16405163e+01;1.39577620e-21
1.16505164e+01;1.39859010e-21
1.16605165e+01;1.40140060e-21
1.16705166e+01;1.40416640e-21
1.16805168e+01;1.40692650e-21
1.16905169e+01;1.40968090e-21
1.17005170e+01;1.41240690e-21
1.17105171e+01;1.41510400e-21
1.17205172e+01;1.41781370e-21
1.17305173e+01;1.42049760e-21
1.17405175e+01;1.42315920e-21
1.17505176e+01;1.42581550e-21
1.17605177e+01;1.42838110e-21
1.17705178e+01;1.43102110e-21
1.17805179e+01;1.43361840e-21
1.17905180e+01;1.43618420e-21
1.18005182e+01;1.43874390e-21
1.18105183e+01;1.44127930e-21
1.18205184e+01;1.44379430e-21
1.18305185e+01;1.44630150e-21
1.18405186e+01;1.44879520e-21
1.18505187e+01;1.45126410e-21
1.18605188e+01;1.45371040e-21
1.18705190e+01;1.45613730e-21
1.18805191e+01;1.45856610e-21
1.18905192e+01;1.46096560e-21
1.19005193e+01;1.46333610e-21
1.19105194e+01;1.46569300e-21
1.19205195e+01;1.46803320e-21
1.19305197e+01;1.47035570e-21
1.19405334e+01;1.47266590e-21
1.19505335e+01;1.47495060e-21
1.19605336e+01;1.47723040e-21
1.19705337e+01;1.47947610e-21
1.19805338e+01;1.48170350e-21
1.19905340e+01;1.48391330e-21
1.20005341e+01;1.48611210e-21
1.20105342e+01;1.48827880e-21
1.20205343e+01;1.49043740e-21
1.20305344e+01;1.49257630e-21
1.20405345e+01;1.49469690e-21
1.20505347e+01;1.49678800e-21
1.20605348e+01;1.49887410e-21
1.20705349e+01;1.50093090e-21
1.20805350e+01;1.50296700e-21
1.20905351e+01;1.50499430e-21
1.21005352e+01;1.50699190e-21
1.21105354e+01;1.50897440e-21
1.21205355e+01;1.51093610e-21
1.21305356e+01;1.51288210e-21
1.21405357e+01;1.51480680e-21
1.21505358e+01;1.51671060e-21
1.21605359e+01;1.51858660e-21
1.21705361e+01;1.52044650e-21
1.21805362e+01;1.52229440e-21
1.21905363e+01;1.52410910e-21
1.22005364e+01;1.52591800e-21
1.22105365e+01;1.52769400e-21
1.22205366e+01;1.52945620e-21
1.22305368e+01;1.53119840e-21
1.22405369e+01;1.53291920e-21
1.22505370e+01;1.53461910e-21
1.22605371e+01;1.53629760e-21
1.22705372e+01;1.53796250e-21
1.22805373e+01;1.53960300e-21
1.22905375e+01;1.54121980e-21
1.23005376e+01;1.54282430e-21
1.23105377e+01;1.54440790e-21
1.23205378e+01;1.54596020e-21
1.23305379e+01;1.54751520e-21
1.23405380e+01;1.54904260e-21
1.23505517e+01;1.55067900e-21
1.23605519e+01;1.53819540e-21
1.23705520e+01;1.55311790e-21
1.23805521e+01;1.55469600e-21
1.23905522e+01;1.55614010e-21
1.24005523e+01;1.55755090e-21
1.24105525e+01;1.55892850e-21
1.24205526e+01;1.56028250e-21
1.24305527e+01;1.56161150e-21
1.24405528e+01;1.56292040e-21
1.24505529e+01;1.56422240e-21
1.24605530e+01;1.56547950e-21
1.24705532e+01;1.56672650e-21
1.24805533e+01;1.56795210e-21
1.24905534e+01;1.56916130e-21
1.25005535e+01;1.57033970e-21
1.25105536e+01;1.57151430e-21
1.25205537e+01;1.57266160e-21
1.25305538e+01;1.57377940e-21
1.25405540e+01;1.57488750e-21
1.25505541e+01;1.57597670e-21
1.25605542e+01;1.57703570e-21
1.25705543e+01;1.57808530e-21
1.25805544e+01;1.57911240e-21
1.25905545e+01;1.58011340e-21
1.26005547e+01;1.58110510e-21
1.26105548e+01;1.58207130e-21
1.26205549e+01;1.58302360e-21
1.26305550e+01;1.58394730e-21
1.26405551e+01;1.58486620e-21
1.26505552e+01;1.58575310e-21
1.26605554e+01;1.58662290e-21
1.26705555e+01;1.58747760e-21
1.26805556e+01;1.58831380e-21
1.26905557e+01;1.58913420e-21
1.27005558e+01;1.58993300e-21
1.27105559e+01;1.59071410e-21
1.27205561e+01;1.59147840e-21
1.27305562e+01;1.59221920e-21
1.27405563e+01;1.59294810e-21
1.27505564e+01;1.59365700e-21
1.27605565e+01;1.59433910e-21
1.27705702e+01;1.59501920e-21
1.27805704e+01;1.59566690e-21
1.27905705e+01;1.59632950e-21
1.28005706e+01;1.59691410e-21
1.28105707e+01;1.59754400e-21
1.28205708e+01;1.59811830e-21
1.28305709e+01;1.59870300e-21
1.28405710e+01;1.59923160e-21
1.28505712e+01;1.59977370e-21
1.28605713e+01;1.60030440e-21
1.28705714e+01;1.60080200e-21
1.28805715e+01;1.60127340e-21
1.28905716e+01;1.60162990e-21
1.29005717e+01;1.60212380e-21
1.29105719e+01;1.60198070e-21
1.29205720e+01;1.60409150e-21
1.29305721e+01;1.60389430e-21
1.29405722e+01;1.60419750e-21
1.29505723e+01;1.60447800e-21
1.29605725e+01;1.60480270e-21
1.29705726e+01;1.60512860e-21
1.29805727e+01;1.60545850e-21
1.29905728e+01;1.60572970e-21
1.30005729e+01;1.60605430e-21
1.30105730e+01;1.60632540e-21
1.30205732e+01;1.60661480e-21
1.30305733e+01;1.60685530e-21
1.30405734e+01;1.60713730e-21
1.30505735e+01;1.60734200e-21
1.30605736e+01;1.60760600e-21
1.30705737e+01;1.60772320e-21
1.30805738e+01;1.60791050e-21
1.30905740e+01;1.60810370e-21
1.31005741e+01;1.60824140e-21
1.31105742e+01;1.60840320e-21
1.31205743e+01;1.60855480e-21
1.31305744e+01;1.60867830e-21
1.31405745e+01;1.60882860e-21
1.31505747e+01;1.60876440e-21
1.31605748e+01;1.60892810e-21
1.31705749e+01;1.60922730e-21
1.31805750e+01;1.60829770e-21
1.31905887e+01;1.60883710e-21
1.32005889e+01;1.60891120e-21
1.32105890e+01;1.60892020e-21
1.32205891e+01;1.60888950e-21
1.32305892e+01;1.60887470e-21
1.32405893e+01;1.60883260e-21
1.32505894e+01;1.60881130e-21
1.32605895e+01;1.60872170e-21
1.32705897e+01;1.60863030e-21
1.32805898e+01;1.60853810e-21
1.32905899e+01;1.60842660e-21
1.33005900e+01;1.60830050e-21
1.33105901e+01;1.60815440e-21
1.33205902e+01;1.60800330e-21
1.33305904e+01;1.60783460e-21
1.33405905e+01;1.60765730e-21
1.33505906e+01;1.60745580e-21
1.33605907e+01;1.60724710e-21
1.33705908e+01;1.60701960e-21
1.33805909e+01;1.60677960e-21
1.33905910e+01;1.60653690e-21
1.34005912e+01;1.60627610e-21
1.34105913e+01;1.60599980e-21
1.34205914e+01;1.60570840e-21
1.34305915e+01;1.60540360e-21
1.34405916e+01;1.60508810e-21
1.34505917e+01;1.60476450e-21
1.34605919e+01;1.60442280e-21
1.34705920e+01;1.60406340e-21
1.34805921e+01;1.60369760e-21
1.34905922e+01;1.60331590e-21
1.35005923e+01;1.60292300e-21
1.35105925e+01;1.60251440e-21
1.35205926e+01;1.60208890e-21
1.35305927e+01;1.60165980e-21
1.35405928e+01;1.60122170e-21
1.35505929e+01;1.60075750e-21
1.35605930e+01;1.60029080e-21
1.35705932e+01;1.59980530e-21
1.35805933e+01;1.59931880e-21
1.35905934e+01;1.59880570e-21
1.36005935e+01;1.59829120e-21
1.36106072e+01;1.59775450e-21
1.36206073e+01;1.59721420e-21
1.36306074e+01;1.59665600e-21
1.36406076e+01;1.59608860e-21
1.36506077e+01;1.59551540e-21
1.36606078e+01;1.59492290e-21
1.36706079e+01;1.59431690e-21
1.36806080e+01;1.59370730e-21
1.36906081e+01;1.59308080e-21
1.37006083e+01;1.59245030e-21
1.37106084e+01;1.59180470e-21
1.37206085e+01;1.59113560e-21
1.37306086e+01;1.59046590e-21
1.37406087e+01;1.58977760e-21
1.37506089e+01;1.58910040e-21
1.37606090e+01;1.58839350e-21
1.37706091e+01;1.58767660e-21
1.37806092e+01;1.58695050e-21
1.37906093e+01;1.58621810e-21
1.38006094e+01;1.58548520e-21
1.38106095e+01;1.58472720e-21
1.38206097e+01;1.58394770e-21
1.38306098e+01;1.58316940e-21
1.38406099e+01;1.58238230e-21
1.38506100e+01;1.58155400e-21
1.38606101e+01;1.58076360e-21
1.38706102e+01;1.57965440e-21
1.38806104e+01;1.57922970e-21
1.38906105e+01;1.57832350e-21
1.39006106e+01;1.57749550e-21
1.39106107e+01;1.57665250e-21
1.39206108e+01;1.57576460e-21
1.39306109e+01;1.57490090e-21
1.39406110e+01;1.57402050e-21
1.39506112e+01;1.57312370e-21
1.39606113e+01;1.57223680e-21
1.39706114e+01;1.57132590e-21
1.39806115e+01;1.57039700e-21
1.39906116e+01;1.56948460e-21
1.40006117e+01;1.56853840e-21
1.40106119e+01;1.56758560e-21
1.40206120e+01;1.56664560e-21
1.40306257e+01;1.56570230e-21
1.40406258e+01;1.56470540e-21
1.40506259e+01;1.56376980e-21
1.40606261e+01;1.56275490e-21
1.40706262e+01;1.56178740e-21
1.40806263e+01;1.56076560e-21
1.40906264e+01;1.55973910e-21
1.41006265e+01;1.55876740e-21
1.41106266e+01;1.55771530e-21
1.41206267e+01;1.55669100e-21
1.41306269e+01;1.55567120e-21
1.41406270e+01;1.55446150e-21
1.41506271e+01;1.55348740e-21
1.41606272e+01;1.55211000e-21
1.41706273e+01;1.55118810e-21
1.41806274e+01;1.55028340e-21
1.41906276e+01;1.54935020e-21
1.42006277e+01;1.54825220e-21
1.42106278e+01;1.54718980e-21
1.42206279e+01;1.54607510e-21
1.42306280e+01;1.54497600e-21
1.42406281e+01;1.54389430e-21
1.42506283e+01;1.54286000e-21
1.42606284e+01;1.54163480e-21
1.42706285e+01;1.54049090e-21
1.42806286e+01;1.53935280e-21
1.42906287e+01;1.53823900e-21
1.43006289e+01;1.53708700e-21
1.43106290e+01;1.53591400e-21
1.43206291e+01;1.53483940e-21
1.43306292e+01;1.53356880e-21
1.43406293e+01;1.53240490e-21
1.43506294e+01;1.53122490e-21
1.43606295e+01;1.53004180e-21
1.43706297e+01;1.52885920e-21
1.43806298e+01;1.52765740e-21
1.43906299e+01;1.52648230e-21
1.44006300e+01;1.52526040e-21
1.44106301e+01;1.52403950e-21
1.44206302e+01;1.52282900e-21
1.44306304e+01;1.52160430e-21
1.44406305e+01;1.52038510e-21
1.44506442e+01;1.51916740e-21
1.44606443e+01;1.51791360e-21
1.44706444e+01;1.51665880e-21
1.44806445e+01;1.51541270e-21
1.44906447e+01;1.51415800e-21
1.45006448e+01;1.51290090e-21
1.45106449e+01;1.51164350e-21
1.45206450e+01;1.51036440e-21
1.45306451e+01;1.50909830e-21
1.45406452e+01;1.50782180e-21
1.45506454e+01;1.50653230e-21
1.45606455e+01;1.50524650e-21
1.45706456e+01;1.50395560e-21
1.45806457e+01;1.50266570e-21
1.45906458e+01;1.50134550e-21
1.46006459e+01;1.50004220e-21
1.46106461e+01;1.49873360e-21
1.46206462e+01;1.49740160e-21
1.46306463e+01;1.49608550e-21
1.46406464e+01;1.49478050e-21
1.46506465e+01;1.49349710e-21
1.46606466e+01;1.49207990e-21
1.46706467e+01;1.49077440e-21
1.46806469e+01;1.48941320e-21
1.46906470e+01;1.48807010e-21
1.47006471e+01;1.48672180e-21
1.47106472e+01;1.48536490e-21
1.47206473e+01;1.48400110e-21
1.47306474e+01;1.48262540e-21
1.47406476e+01;1.48127250e-21
1.47506477e+01;1.47993240e-21
1.47606478e+01;1.47851340e-21
1.47706479e+01;1.47712670e-21
1.47806480e+01;1.47574650e-21
1.47906482e+01;1.47436060e-21
1.48006483e+01;1.47297180e-21
1.48106484e+01;1.47156420e-21
1.48206485e+01;1.47018340e-21
1.48306486e+01;1.46878540e-21
1.48406487e+01;1.46737170e-21
1.48506489e+01;1.46596920e-21
1.48606490e+01;1.46454720e-21
1.48706627e+01;1.46312220e-21
1.48806628e+01;1.46169930e-21
1.48906629e+01;1.46028120e-21
1.49006630e+01;1.45884250e-21
1.49106631e+01;1.45741030e-21
1.49206633e+01;1.45597130e-21
1.49306634e+01;1.45452910e-21
1.49406635e+01;1.45308400e-21
1.49506636e+01;1.45164540e-21
1.49606637e+01;1.45018930e-21
1.49706638e+01;1.44873410e-21
1.49806640e+01;1.44727250e-21
1.49906641e+01;1.44581990e-21
1.50006642e+01;1.44435600e-21
1.50106643e+01;1.44289610e-21
1.50206644e+01;1.44142290e-21
1.50306645e+01;1.43994540e-21
1.50406647e+01;1.43848270e-21
1.50506648e+01;1.43699940e-21
1.50606649e+01;1.43551240e-21
1.50706650e+01;1.43402600e-21
1.50806651e+01;1.43254960e-21
1.50906652e+01;1.43105430e-21
1.51006654e+01;1.42956870e-21
1.51106655e+01;1.42808090e-21
1.51206656e+01;1.42657900e-21
1.51306657e+01;1.42507960e-21
1.51406658e+01;1.42358060e-21
1.51506659e+01;1.42206860e-21
1.51606661e+01;1.42056770e-21
1.51706662e+01;1.41906230e-21
1.51806663e+01;1.41756100e-21
1.51906664e+01;1.41604060e-21
1.52006665e+01;1.41452760e-21
1.52106666e+01;1.41301780e-21
1.52206667e+01;1.41150120e-21
1.52306669e+01;1.40997870e-21
1.52406670e+01;1.40845500e-21
1.52506671e+01;1.40696940e-21
1.52606672e+01;1.40547230e-21
1.52706673e+01;1.40416910e-21
1.52806811e+01;1.40217430e-21
1.52906812e+01;1.40072790e-21
1.53006813e+01;1.39922900e-21
1.53106814e+01;1.39769540e-21
1.53206815e+01;1.39616500e-21
1.53306816e+01;1.39463040e-21
1.53406817e+01;1.39308730e-21
1.53506819e+01;1.39154180e-21
1.53606820e+01;1.39000600e-21
1.53706821e+01;1.38846950e-21
1.53806822e+01;1.38692760e-21
1.53906823e+01;1.38537790e-21
1.54006824e+01;1.38383260e-21
1.54106826e+01;1.38228690e-21
1.54206827e+01;1.38074330e-21
1.54306828e+01;1.37918450e-21
1.54406829e+01;1.37763350e-21
1.54506830e+01;1.37608140e-21
1.54606831e+01;1.37452200e-21
1.54706833e+01;1.37297250e-21
1.54806834e+01;1.37141670e-21
1.54906835e+01;1.36985660e-21
1.55006836e+01;1.36829180e-21
1.55106837e+01;1.36674060e-21
1.55206838e+01;1.36517630e-21
1.55306840e+01;1.36362180e-21
1.55406841e+01;1.36205620e-21
1.55506842e+01;1.36049170e-21
1.55606843e+01;1.35893170e-21
1.55706844e+01;1.35736230e-21
1.55806845e+01;1.35580580e-21
1.55906847e+01;1.35424170e-21
1.56006848e+01;1.35267350e-21
1.56106849e+01;1.35110600e-21
1.56206850e+01;1.34954510e-21
1.56306851e+01;1.34798180e-21
1.56406852e+01;1.34640620e-21
1.56506854e+01;1.34484080e-21
1.56606855e+01;1.34327210e-21
1.56706856e+01;1.34170840e-21
1.56806857e+01;1.34013620e-21
1.56906858e+01;1.33856900e-21
1.57006859e+01;1.33700120e-21
1.57106997e+01;1.33543410e-21
1.57206998e+01;1.33385200e-21
1.57306999e+01;1.33228280e-21
1.57407000e+01;1.33071770e-21
1.57507001e+01;1.32915230e-21
1.57607002e+01;1.32758170e-21
1.57707004e+01;1.32600830e-21
1.57807005e+01;1.32445570e-21
1.57907006e+01;1.32289220e-21
1.58007007e+01;1.32129450e-21
1.58107008e+01;1.31974410e-21
1.58207009e+01;1.31815120e-21
1.58307011e+01;1.31658300e-21
1.58407012e+01;1.31500230e-21
1.58507013e+01;1.31346180e-21
1.58607014e+01;1.31189200e-21
1.58707015e+01;1.31032150e-21
1.58807016e+01;1.30877580e-21
1.58907017e+01;1.30672850e-21
1.59007019e+01;1.30554910e-21
1.59107020e+01;1.30384070e-21
1.59207021e+01;1.30287270e-21
1.59307022e+01;1.30058890e-21
1.59407023e+01;1.29934010e-21
1.59507024e+01;1.29769530e-21
1.59607026e+01;1.29609500e-21
1.59707027e+01;1.29461890e-21
1.59807028e+01;1.29305030e-21
1.59907029e+01;1.29146500e-21
1.60007030e+01;1.28989420e-21
1.60107032e+01;1.28831400e-21
1.60207033e+01;1.28675970e-21
1.60307034e+01;1.28520350e-21
1.60407035e+01;1.28365420e-21
1.60507036e+01;1.28206390e-21
1.60607037e+01;1.28049630e-21
1.60707039e+01;1.27895140e-21
1.60807040e+01;1.27738180e-21
1.60907041e+01;1.27581560e-21
1.61007042e+01;1.27425550e-21
1.61107043e+01;1.27269100e-21
1.61207180e+01;1.27112990e-21
1.61307181e+01;1.26956540e-21
1.61407183e+01;1.26800270e-21
1.61507184e+01;1.26644290e-21
1.61607185e+01;1.26488950e-21
1.61707186e+01;1.26332060e-21
1.61807187e+01;1.26176570e-21
1.61907188e+01;1.26020150e-21
1.62007190e+01;1.25864670e-21
1.62107191e+01;1.25708260e-21
1.62207192e+01;1.25553920e-21
1.62307193e+01;1.25397810e-21
1.62407194e+01;1.25242120e-21
1.62507195e+01;1.25086360e-21
1.62607197e+01;1.24930610e-21
1.62707198e+01;1.24775410e-21
1.62807199e+01;1.24619660e-21
1.62907200e+01;1.24464020e-21
1.63007201e+01;1.24309630e-21
1.63107202e+01;1.24154430e-21
1.63207204e+01;1.23998600e-21
1.63307205e+01;1.23843750e-21
1.63407206e+01;1.23689400e-21
1.63507207e+01;1.23534390e-21
1.63607208e+01;1.23381070e-21
1.63707209e+01;1.23223970e-21
1.63807211e+01;1.23071020e-21
1.63907212e+01;1.22913400e-21
1.64007213e+01;1.22767370e-21
1.64107214e+01;1.22599070e-21
1.64207215e+01;1.22453630e-21
1.64307216e+01;1.22297060e-21
1.64407218e+01;1.22143320e-21
1.64507219e+01;1.21987720e-21
1.64607220e+01;1.21834120e-21
1.64707221e+01;1.21680760e-21
1.64807222e+01;1.21526780e-21
1.64907223e+01;1.21372150e-21
1.65007225e+01;1.21219150e-21
1.65107226e+01;1.21064870e-21
1.65207227e+01;1.20912610e-21
1.65307228e+01;1.20758500e-21
1.65407365e+01;1.20604840e-21
1.65507366e+01;1.20451900e-21
1.65607368e+01;1.20298540e-21
1.65707369e+01;1.20144840e-21
1.65807370e+01;1.19992590e-21
1.65907371e+01;1.19839630e-21
1.66007372e+01;1.19686580e-21
1.66107373e+01;1.19534280e-21
1.66207375e+01;1.19381480e-21
1.66307376e+01;1.19229100e-21
1.66407377e+01;1.19076660e-21
1.66507378e+01;1.18924270e-21
1.66607379e+01;1.18772170e-21
1.66707380e+01;1.18620610e-21
1.66807381e+01;1.18468650e-21
1.66907383e+01;1.18316990e-21
1.67007384e+01;1.18164550e-21
1.67107385e+01;1.17997490e-21
1.67207386e+01;1.17862180e-21
1.67307387e+01;1.17710500e-21
1.67407388e+01;1.17559800e-21
1.67507390e+01;1.17408570e-21
1.67607391e+01;1.17257630e-21
1.67707392e+01;1.17106540e-21
1.67807393e+01;1.16955460e-21
1.67907394e+01;1.16805450e-21
1.68007395e+01;1.16654420e-21
1.68107397e+01;1.16504250e-21
1.68207398e+01;1.16353570e-21
1.68307399e+01;1.16203800e-21
1.68407400e+01;1.16053880e-21
1.68507401e+01;1.15904220e-21
1.68607402e+01;1.15754820e-21
1.68707404e+01;1.15604840e-21
1.68807405e+01;1.15455460e-21
1.68907406e+01;1.15306330e-21
1.69007407e+01;1.15156880e-21
1.69107408e+01;1.15007700e-21
1.69207409e+01;1.14859360e-21
1.69307411e+01;1.14710270e-21
1.69407412e+01;1.14561710e-21
1.69507413e+01;1.14413500e-21
1.69607550e+01;1.14264890e-21
1.69707551e+01;1.14116810e-21
1.69807552e+01;1.13968510e-21
1.69907554e+01;1.13820620e-21
1.70007555e+01;1.13673000e-21
1.70107556e+01;1.13525310e-21
1.70207557e+01;1.13378160e-21
1.70307558e+01;1.13230910e-21
1.70407559e+01;1.13083530e-21
1.70507561e+01;1.12936180e-21
1.70607562e+01;1.12789040e-21
1.70707563e+01;1.12642400e-21
1.70807564e+01;1.12495820e-21
1.70907565e+01;1.12347940e-21
1.71007566e+01;1.12200160e-21
1.71107568e+01;1.12049430e-21
1.71207569e+01;1.11934790e-21
1.71307570e+01;1.11771180e-21
1.71407571e+01;1.11623580e-21
1.71507572e+01;1.11476800e-21
1.71607573e+01;1.11329290e-21
1.71707574e+01;1.11188500e-21
1.71807576e+01;1.11042040e-21
1.71907577e+01;1.10896570e-21
1.72007578e+01;1.10751550e-21
1.72107579e+01;1.10607520e-21
1.72207580e+01;1.10462850e-21
1.72307581e+01;1.10318960e-21
1.72407583e+01;1.10174370e-21
1.72507584e+01;1.10030690e-21
1.72607585e+01;1.09887120e-21
1.72707586e+01;1.09743380e-21
1.72807587e+01;1.09599760e-21
1.72907588e+01;1.09456490e-21
1.73007590e+01;1.09313590e-21
1.73107591e+01;1.09170390e-21
1.73207592e+01;1.09027790e-21
1.73307593e+01;1.08884140e-21
1.73407594e+01;1.08744120e-21
1.73507595e+01;1.08600980e-21
1.73607597e+01;1.08458330e-21
1.73707598e+01;1.08316920e-21
1.73807735e+01;1.08175130e-21
1.73907736e+01;1.08033420e-21
1.74007737e+01;1.07891960e-21
1.74107739e+01;1.07750560e-21
1.74207740e+01;1.07609980e-21
1.74307741e+01;1.07468770e-21
1.74407742e+01;1.07327850e-21
1.74507743e+01;1.07187140e-21
1.74607744e+01;1.07046980e-21
1.74707746e+01;1.06906750e-21
1.74807747e+01;1.06766340e-21
1.74907748e+01;1.06626890e-21
1.75007749e+01;1.06486670e-21
1.75107750e+01;1.06347200e-21
1.75207751e+01;1.06208200e-21
1.75307752e+01;1.06068670e-21
1.75407754e+01;1.05929330e-21
1.75507755e+01;1.05790480e-21
1.75607756e+01;1.05651250e-21
1.75707757e+01;1.05513060e-21
1.75807758e+01;1.05374560e-21
1.75907759e+01;1.05236400e-21
1.76007761e+01;1.05098280e-21
1.76107762e+01;1.04960380e-21
1.76207763e+01;1.04822420e-21
1.76307764e+01;1.04684970e-21
1.76407765e+01;1.04547630e-21
1.76507766e+01;1.04410250e-21
1.76607768e+01;1.04272790e-21
1.76707769e+01;1.04136770e-21
1.76807770e+01;1.03999960e-21
1.76907771e+01;1.03862840e-21
1.77007772e+01;1.03726630e-21
1.77107773e+01;1.03591770e-21
1.77207774e+01;1.03454600e-21
1.77307776e+01;1.03319140e-21
1.77407777e+01;1.03186320e-21
1.77507778e+01;1.03054240e-21
1.77607779e+01;1.02934240e-21
1.77707780e+01;1.02758990e-21
1.77807781e+01;1.02631420e-21
1.77907919e+01;1.02500720e-21
1.78007920e+01;1.02366620e-21
1.78107921e+01;1.02232810e-21
1.78207922e+01;1.02098530e-21
1.78307923e+01;1.01964550e-21
1.78407924e+01;1.01831150e-21
1.78507926e+01;1.01696710e-21
1.78607927e+01;1.01562500e-21
1.78707928e+01;1.01429410e-21
1.78807929e+01;1.01295620e-21
1.78907930e+01;1.01162180e-21
1.79007931e+01;1.01030230e-21
1.79107933e+01;1.00895950e-21
1.79207934e+01;1.00763450e-21
1.79307935e+01;1.00631240e-21
1.79407936e+01;1.00498420e-21
1.79507937e+01;1.00384470e-21
1.79607939e+01;1.00233450e-21
1.79707940e+01;1.00102550e-21
1.79807941e+01;9.99763300e-22
1.79907942e+01;9.98338530e-22
1.80007943e+01;9.97066320e-22
1.80107944e+01;9.95743700e-22
1.80207946e+01;9.94443470e-22
1.80307947e+01;9.93121060e-22
1.80407948e+01;9.91834020e-22
1.80507949e+01;9.90509520e-22
1.80607950e+01;9.89209770e-22
1.80707951e+01;9.87935930e-22
1.80807952e+01;9.86627200e-22
1.80907954e+01;1.05302450e-21
1.81007955e+01;9.83986340e-22
1.81107956e+01;9.82702730e-22
1.81207957e+01;9.81404210e-22
1.81307958e+01;9.80116710e-22
1.81407959e+01;9.78837010e-22
1.81507961e+01;9.77529200e-22
1.81607962e+01;9.76255400e-22
1.81707963e+01;9.74958370e-22
1.81807964e+01;9.73689410e-22
1.81907965e+01;9.72396440e-22
1.82007966e+01;9.71109550e-22
1.82107968e+01;9.69826650e-22
1.82208105e+01;9.68558990e-22
1.82308106e+01;9.67272630e-22
1.82408107e+01;9.65979540e-22
1.82508108e+01;9.64838710e-22
1.82608109e+01;9.63468420e-22
1.82708111e+01;9.62181590e-22
1.82808112e+01;9.60937740e-22
1.82908113e+01;9.59654790e-22
1.83008114e+01;9.58403100e-22
1.83108115e+01;9.57125750e-22
1.83208116e+01;9.55893380e-22
1.83308118e+01;9.54632510e-22
1.83408119e+01;9.53331780e-22
1.83508120e+01;9.52089910e-22
1.83608121e+01;9.50845910e-22
1.83708122e+01;9.49593800e-22
1.83808123e+01;9.48333990e-22
1.83908124e+01;9.47097100e-22
1.84008126e+01;9.45833150e-22
1.84108127e+01;9.44575910e-22
1.84208128e+01;9.43363120e-22
1.84308129e+01;9.42118470e-22
1.84408130e+01;9.40885270e-22
1.84508131e+01;9.39624380e-22
1.84608133e+01;9.38397150e-22
1.84708134e+01;9.37162720e-22
1.84808135e+01;9.35924590e-22
1.84908136e+01;9.34699050e-22
1.85008137e+01;9.33462770e-22
1.85108139e+01;9.32240740e-22
1.85208140e+01;9.31012290e-22
1.85308141e+01;9.29781760e-22
1.85408142e+01;9.28566890e-22
1.85508143e+01;9.27328360e-22
1.85608144e+01;9.26121280e-22
1.85708146e+01;9.24901330e-22
1.85808147e+01;9.23686600e-22
1.85908148e+01;9.22478560e-22
1.86008149e+01;9.21266180e-22
1.86108150e+01;9.20058350e-22
1.86208151e+01;9.18837140e-22
1.86308152e+01;9.17645700e-22
1.86408290e+01;9.16290020e-22
1.86508291e+01;9.15202640e-22
1.86608292e+01;9.14023420e-22
1.86708293e+01;9.12811400e-22
1.86808294e+01;9.11583430e-22
1.86908296e+01;9.10403240e-22
1.87008297e+01;9.09238360e-22
1.87108298e+01;9.08015490e-22
1.87208299e+01;9.06822330e-22
1.87308300e+01;9.05647040e-22
1.87408301e+01;9.04448750e-22
1.87508302e+01;9.03273060e-22
1.87608304e+01;9.02091590e-22
1.87708305e+01;9.00907680e-22
1.87808306e+01;8.99726150e-22
1.87908307e+01;8.98538770e-22
1.88008308e+01;8.97370910e-22
1.88108309e+01;8.96165000e-22
1.88208311e+01;8.95014000e-22
1.88308312e+01;8.93845590e-22
1.88408313e+01;8.92669610e-22
1.88508314e+01;8.91493470e-22
1.88608315e+01;8.90458000e-22
1.88708316e+01;8.89140080e-22
1.88808318e+01;8.87994030e-22
1.88908319e+01;8.86843320e-22
1.89008320e+01;8.85685880e-22
1.89108321e+01;8.84524300e-22
1.89208322e+01;8.83373940e-22
1.89308323e+01;8.82205440e-22
1.89408324e+01;8.81030110e-22
1.89508326e+01;8.79888310e-22
1.89608327e+01;8.78744560e-22
1.89708328e+01;8.77605960e-22
1.89808329e+01;8.76446640e-22
1.89908330e+01;8.75316510e-22
1.90008331e+01;8.74166630e-22
1.90108333e+01;8.73026490e-22
1.90208334e+01;8.71886920e-22
1.90308335e+01;8.70748490e-22
1.90408336e+01;8.69613830e-22
1.90508473e+01;8.68480390e-22
1.90608475e+01;8.67344030e-22
1.90708476e+01;8.66218610e-22
1.90808477e+01;8.65079870e-22
1.90908478e+01;8.63959310e-22
1.91008479e+01;8.62830830e-22
1.91108480e+01;8.61707570e-22
1.91208482e+01;8.60579150e-22
1.91308483e+01;8.59457740e-22
1.91408484e+01;8.58337480e-22
1.91508485e+01;8.57213790e-22
1.91608486e+01;8.56259790e-22
1.91708487e+01;8.55024250e-22
1.91808489e+01;8.54071730e-22
1.91908490e+01;8.52764990e-22
1.92008491e+01;8.51671160e-22
1.92108492e+01;8.50561810e-22
1.92208493e+01;8.49454040e-22
1.92308494e+01;8.48352030e-22
1.92408496e+01;8.47245840e-22
1.92508497e+01;8.46150280e-22
1.92608498e+01;8.45049260e-22
1.92708499e+01;8.43952780e-22
1.92808500e+01;8.42856010e-22
1.92908501e+01;8.41766420e-22
1.93008502e+01;8.40675510e-22
1.93108504e+01;8.39582300e-22
1.93208505e+01;8.38495110e-22
1.93308506e+01;8.37409560e-22
1.93408507e+01;8.36323000e-22
1.93508508e+01;8.35236270e-22
1.93608509e+01;8.34158200e-22
1.93708511e+01;8.33078920e-22
1.93808512e+01;8.31997780e-22
1.93908513e+01;8.30923500e-22
1.94008514e+01;8.29849840e-22
1.94108515e+01;8.28776760e-22
1.94208516e+01;8.27700080e-22
1.94308518e+01;8.26632120e-22
1.94408519e+01;8.25548610e-22
1.94508520e+01;8.24542670e-22
1.94608521e+01;8.23441090e-22
1.94708658e+01;8.22371800e-22
1.94808659e+01;8.21304530e-22
1.94908661e+01;8.20254050e-22
1.95008662e+01;8.19201880e-22
1.95108663e+01;8.18155810e-22
1.95208664e+01;8.17078840e-22
1.95308665e+01;8.16028070e-22
1.95408666e+01;8.14976730e-22
1.95508668e+01;8.13919160e-22
1.95608669e+01;8.12876160e-22
1.95708670e+01;8.11832580e-22
1.95808671e+01;8.10774380e-22
1.95908672e+01;8.09726600e-22
1.96008673e+01;8.08705030e-22
1.96108675e+01;8.07694810e-22
1.96208676e+01;8.06664120e-22
1.96308677e+01;8.05582100e-22
1.96408678e+01;8.04549540e-22
1.96508679e+01;8.03516820e-22
1.96608680e+01;8.02484680e-22
1.96708682e+01;8.01453450e-22
1.96808683e+01;8.00427250e-22
1.96908684e+01;7.99403020e-22
1.97008685e+01;7.98369580e-22
1.97108686e+01;7.97331510e-22
1.97208687e+01;7.96313380e-22
1.97308689e+01;7.95275650e-22
1.97408690e+01;7.94753970e-22
1.97508691e+01;7.93316350e-22
1.97608692e+01;7.92278990e-22
1.97708693e+01;7.91270830e-22
1.97808694e+01;7.90241860e-22
1.97908696e+01;7.89232450e-22
1.98008697e+01;7.88169390e-22
1.98108698e+01;7.87182470e-22
1.98208699e+01;7.86164250e-22
1.98308700e+01;7.85073150e-22
1.98408701e+01;7.84449440e-22
1.98508702e+01;7.83271360e-22
1.98608704e+01;7.82249140e-22
1.98708705e+01;7.81227890e-22
1.98808706e+01;7.80234540e-22
1.98908843e+01;7.79243440e-22
1.99008844e+01;7.78247160e-22
1.99108845e+01;7.77252000e-22
1.99208847e+01;7.76264660e-22
1.99308848e+01;7.75276360e-22
1.99408849e+01;7.74294870e-22
1.99508850e+01;7.73306870e-22
1.99608851e+01;7.72321200e-22
1.99708852e+01;7.71338640e-22
1.99808854e+01;7.70364500e-22
1.99908855e+01;7.69384290e-22
2.00008856e+01;7.68408980e-22
2.02008879e+01;7.49237920e-22
2.04009038e+01;7.30721530e-22
2.06009062e+01;7.12861650e-22
2.08009221e+01;6.95620030e-22
2.10009244e+01;6.79020680e-22
2.12009404e+01;6.63024740e-22
2.14009427e+01;6.47617660e-22
2.16009586e+01;6.32829330e-22
2.18009609e+01;6.18608630e-22
2.20009769e+01;6.04971380e-22
2.22009792e+01;5.91845850e-22
2.24009951e+01;5.79283960e-22
2.26009975e+01;5.67392710e-22
2.28009998e+01;5.55702390e-22
2.30010157e+01;5.44669040e-22
2.32010180e+01;5.34073210e-22
2.34010340e+01;5.23938500e-22
2.36010363e+01;5.14234110e-22
2.38010522e+01;5.04963860e-22
2.40010545e+01;4.96084120e-22
2.42010705e+01;4.87599650e-22
2.44010728e+01;4.79510530e-22
2.46010887e+01;4.71660440e-22
2.48010911e+01;4.64207630e-22
2.50011070e+01;4.59506630e-22
2.52011093e+01;4.50184350e-22
2.54011252e+01;4.43587620e-22
2.56011276e+01;4.37232860e-22
2.58011435e+01;4.31115590e-22
2.60011458e+01;4.25213990e-22
2.62011618e+01;4.19497760e-22
2.64011641e+01;4.14004880e-22
2.66011800e+01;4.08667260e-22
2.68011823e+01;4.03476310e-22
2.70011983e+01;3.98449960e-22
2.72012006e+01;3.93545670e-22
2.74012029e+01;3.88745250e-22
2.76012188e+01;3.84054180e-22
2.78012212e+01;3.79450970e-22
2.80012371e+01;3.74927090e-22
2.82012394e+01;3.70482790e-22
2.84012554e+01;3.66083480e-22
2.86012577e+01;3.61756710e-22
2.88012736e+01;3.57468420e-22
2.90012760e+01;3.53228140e-22
2.92012919e+01;3.49028390e-22
2.94012942e+01;3.44809990e-22
2.96013101e+01;3.40726010e-22
2.98013125e+01;3.36618200e-22
3.00013284e+01;3.32524720e-22
3.02013307e+01;3.28470500e-22
3.04013467e+01;3.24426960e-22
3.06013490e+01;3.20407990e-22
3.08013649e+01;3.16439120e-22
3.10013672e+01;3.12472570e-22
3.12013832e+01;3.08547600e-22
3.14013855e+01;3.04661480e-22
3.16013878e+01;3.00817140e-22
3.18014037e+01;2.97024670e-22
3.20014061e+01;2.93320900e-22
3.22014220e+01;2.89590230e-22
3.24014243e+01;2.85967020e-22
3.26014403e+01;2.82402610e-22
3.28014426e+01;2.78914910e-22
3.30014585e+01;2.75492590e-22
3.32014608e+01;2.72155040e-22
3.34014768e+01;2.68886050e-22
3.36014791e+01;2.65729390e-22
3.38014950e+01;2.62653560e-22
3.40014974e+01;2.59663580e-22
3.42015133e+01;2.56774840e-22
3.44015156e+01;2.53982570e-22
3.46015315e+01;2.51288870e-22
3.48015339e+01;2.48702690e-22
3.50015498e+01;2.46195820e-22
3.52015521e+01;2.43795630e-22
3.54015681e+01;2.41491430e-22
3.56015704e+01;2.39283240e-22
3.58015863e+01;2.37164480e-22
3.60015886e+01;2.35138220e-22
3.62015910e+01;2.33198670e-22
3.64016069e+01;2.31345530e-22
3.66016092e+01;2.29574240e-22
3.68016251e+01;2.27880820e-22
3.70016275e+01;2.26265700e-22
3.72016434e+01;2.24722360e-22
3.74016457e+01;2.23249260e-22
3.76016616e+01;2.21840040e-22
3.78016640e+01;2.20495820e-22
3.80016799e+01;2.19206040e-22
3.82016822e+01;2.17978340e-22
3.84016982e+01;2.16797420e-22
3.86017005e+01;2.15665930e-22
3.88017164e+01;2.14581010e-22
3.90017187e+01;2.13540530e-22
3.92017347e+01;2.12534100e-22
3.94017370e+01;2.11567370e-22
3.96017529e+01;2.10636320e-22
3.98017553e+01;2.09740240e-22
4.00017712e+01;2.08871210e-22
4.02017735e+01;2.08031100e-22
4.04017894e+01;2.07217850e-22
4.06017918e+01;2.06423010e-22
4.08017941e+01;2.05661920e-22
4.10018100e+01;2.04916680e-22
4.12018123e+01;2.04189720e-22
4.14018283e+01;2.03481780e-22
4.16018306e+01;2.02791310e-22
4.18018465e+01;2.02114980e-22
4.20018489e+01;2.01453440e-22
4.22018648e+01;2.00804800e-22
4.24018671e+01;2.00168710e-22
4.26018830e+01;1.99544770e-22
4.28018854e+01;1.98931260e-22
4.30019013e+01;1.98327650e-22
4.32019036e+01;1.97735290e-22
4.34019196e+01;1.97150450e-22
4.36019219e+01;1.96575320e-22
4.38019378e+01;1.96007620e-22
4.40019401e+01;1.95448240e-22
4.42019561e+01;1.94896040e-22
4.44019584e+01;1.94350750e-22
4.46019743e+01;1.93812010e-22
4.48019767e+01;1.93280270e-22
4.50019926e+01;1.92752990e-22
4.52019949e+01;1.92231950e-22
4.54019972e+01;1.91716410e-22
4.56020132e+01;1.91206050e-22
4.58020155e+01;1.90700780e-22
4.60020314e+01;1.90200420e-22
4.62020337e+01;1.89705250e-22
4.64020497e+01;1.89214260e-22
4.66020520e+01;1.88728210e-22
4.68020679e+01;1.88246570e-22
4.70020703e+01;1.87769660e-22
4.72020862e+01;1.87297280e-22
4.74020885e+01;1.86828910e-22
4.76021044e+01;1.86365050e-22
4.78021068e+01;1.85905110e-22
4.80021227e+01;1.85449500e-22
4.82021250e+01;1.84997570e-22
4.84021410e+01;1.84549810e-22
4.86021433e+01;1.84105650e-22
4.88021592e+01;1.83665190e-22
4.90021615e+01;1.83228750e-22
4.92021775e+01;1.82795640e-22
4.94021798e+01;1.82366270e-22
4.96021821e+01;1.81940520e-22
4.98021981e+01;1.81518610e-22
5.00022004e+01;1.81099900e-22
5.02022163e+01;1.80685030e-22
5.04022186e+01;1.80273680e-22
5.06022346e+01;1.79865880e-22
5.08022369e+01;1.79461470e-22
5.10022528e+01;1.79060860e-22
5.12022551e+01;1.78663460e-22
5.14022711e+01;1.78269670e-22
5.16022734e+01;1.77878850e-22
5.18022893e+01;1.77491650e-22
5.20022917e+01;1.77107650e-22
5.22023076e+01;1.76726720e-22
5.24023099e+01;1.76348830e-22
5.26023258e+01;1.75974150e-22
5.28023282e+01;1.75602630e-22
5.30023441e+01;1.75234000e-22
5.32023464e+01;1.74868510e-22
5.34023624e+01;1.74505910e-22
5.36023647e+01;1.74146510e-22
5.38023806e+01;1.73789700e-22
5.40023829e+01;1.73436080e-22
5.42023853e+01;1.73085380e-22
5.44024012e+01;1.73067460e-22
5.46024035e+01;1.72730470e-22
5.48024195e+01;1.72396630e-22
5.50024218e+01;1.72065470e-22
5.52024377e+01;1.71737270e-22
5.54024400e+01;1.71411820e-22
5.56024560e+01;1.71089290e-22
5.58024583e+01;1.70769470e-22
5.60024742e+01;1.70452180e-22
5.62024766e+01;1.70137660e-22
5.64024925e+01;1.69825660e-22
5.66024948e+01;1.69516250e-22
5.68025107e+01;1.69209460e-22
5.70025131e+01;1.68905190e-22
5.72025290e+01;1.68603360e-22
5.74025313e+01;1.68303900e-22
5.76025472e+01;1.68006770e-22
5.78025496e+01;1.67712360e-22
5.80025655e+01;1.67420140e-22
5.82025678e+01;1.67130370e-22
5.84025838e+01;1.66842890e-22
5.86025861e+01;1.66557730e-22
5.88025884e+01;1.66274860e-22
5.90026043e+01;1.65994120e-22
5.92026067e+01;1.65715440e-22
5.94026226e+01;1.65439180e-22
5.96026249e+01;1.65164890e-22
5.98026409e+01;1.64892570e-22
6.00026432e+01;1.64622320e-22
6.02026591e+01;1.64354070e-22
6.04026614e+01;1.64087910e-22
6.06026774e+01;1.63823480e-22
6.08026797e+01;1.63560940e-22
6.10026956e+01;1.63300450e-22
6.12026979e+01;1.63041650e-22
6.14027139e+01;1.62784760e-22
6.16027162e+01;1.62529740e-22
6.18027321e+01;1.62276360e-22
6.20027345e+01;1.62024950e-22
6.22027504e+01;1.61775220e-22
6.24027527e+01;1.61527130e-22
6.26027686e+01;1.61280790e-22
6.28027710e+01;1.61036260e-22
6.30027733e+01;1.60793210e-22
6.32027892e+01;1.60551850e-22
6.34027916e+01;1.60312060e-22
6.36028075e+01;1.60073850e-22
6.38028098e+01;1.59837130e-22
6.40028257e+01;1.59601980e-22
6.42028281e+01;1.59368040e-22
6.44028440e+01;1.59135720e-22
6.46028463e+01;1.58904930e-22
6.48028623e+01;1.58675310e-22
6.50028646e+01;1.58447170e-22
6.52028805e+01;1.58220370e-22
6.54028828e+01;1.57994810e-22
6.56028988e+01;1.57770460e-22
6.58029011e+01;1.57547720e-22
6.60029170e+01;1.57325990e-22
6.62029193e+01;1.57105680e-22
6.64029353e+01;1.56886470e-22
6.66029376e+01;1.56668650e-22
6.68029535e+01;1.56452030e-22
6.70029559e+01;1.56236580e-22
6.72029718e+01;1.56022430e-22
6.74029741e+01;1.55809300e-22
6.76029764e+01;1.55597440e-22
6.78029924e+01;1.55386700e-22
6.80029947e+01;1.55177140e-22
6.82030106e+01;1.54968580e-22
6.84030130e+01;1.54761260e-22
6.86030289e+01;1.54554800e-22
6.88030312e+01;1.54349440e-22
6.90030471e+01;1.54145000e-22
6.92030495e+01;1.53941670e-22
6.94030654e+01;1.53739220e-22
6.96030677e+01;1.53537720e-22
6.98030837e+01;1.53337260e-22
7.00030860e+01;1.53137630e-22
7.02031019e+01;1.52939010e-22
7.04031042e+01;1.52741180e-22
7.06031202e+01;1.52544250e-22
7.08031225e+01;1.52348360e-22
7.10031384e+01;1.52153350e-22
7.12031407e+01;1.51959000e-22
7.14031567e+01;1.51765730e-22
7.16031590e+01;1.51573300e-22
7.18031749e+01;1.51381710e-22
7.20031772e+01;1.51190910e-22
7.22031796e+01;1.51000960e-22
7.24031955e+01;1.50811780e-22
7.26031978e+01;1.50623520e-22
7.28032138e+01;1.50436060e-22
7.30032161e+01;1.50249240e-22
7.32032320e+01;1.50063220e-22
7.34032344e+01;1.49878040e-22
7.36032503e+01;1.49693570e-22
7.38032526e+01;1.49509720e-22
7.40032685e+01;1.49326640e-22
7.42032709e+01;1.49144350e-22
7.44032868e+01;1.48962690e-22
7.46032891e+01;1.48781820e-22
7.48033051e+01;1.48601440e-22
7.50033074e+01;1.48421800e-22
7.52033233e+01;1.48242810e-22
7.54033256e+01;1.48064560e-22
7.56033416e+01;1.47886920e-22
7.58033439e+01;1.47709900e-22
7.60033598e+01;1.47533520e-22
7.62033621e+01;1.47357870e-22
7.64033781e+01;1.47182780e-22
7.66033804e+01;1.47008180e-22
7.68033827e+01;1.46834350e-22
7.70033986e+01;1.46661150e-22
7.72034010e+01;1.46488430e-22
7.74034169e+01;1.46316440e-22
7.76034192e+01;1.46144900e-22
7.78034352e+01;1.45974020e-22
7.80034375e+01;1.45803680e-22
7.82034534e+01;1.45633900e-22
7.84034557e+01;1.45464720e-22
7.86034717e+01;1.45296060e-22
7.88034740e+01;1.45127900e-22
7.90034899e+01;1.44960390e-22
7.92034923e+01;1.44793290e-22
7.94035082e+01;1.44626850e-22
7.96035105e+01;1.44460850e-22
7.98035264e+01;1.44295250e-22
8.00035288e+01;1.44130350e-22
8.02035447e+01;1.43965990e-22
8.04035470e+01;1.43802090e-22
8.06035630e+01;1.43638630e-22
8.08035653e+01;1.43475730e-22
8.10035676e+01;1.43313300e-22
8.12035835e+01;1.43151390e-22
8.14035859e+01;1.42989860e-22
8.16036018e+01;1.42828920e-22
8.18036041e+01;1.42668390e-22
8.20036200e+01;1.42508380e-22
8.22036224e+01;1.42348810e-22
8.24036383e+01;1.42189530e-22
8.26036406e+01;1.42030950e-22
8.28036566e+01;1.41872690e-22
8.30036589e+01;1.41714980e-22
8.32036748e+01;1.41557570e-22
8.34036771e+01;1.41400700e-22
8.36036931e+01;1.41244070e-22
8.38036954e+01;1.41088160e-22
8.40037113e+01;1.40932410e-22
8.42037137e+01;1.40777280e-22
8.44037296e+01;1.40622600e-22
8.46037319e+01;1.40468250e-22
8.48037478e+01;1.40314290e-22
8.50037502e+01;1.40160870e-22
8.52037661e+01;1.40007820e-22
8.54037684e+01;1.39855200e-22
8.56037707e+01;1.39702820e-22
8.58037867e+01;1.39550990e-22
8.60037890e+01;1.39399650e-22
8.62038049e+01;1.39248820e-22
8.64038073e+01;1.39098060e-22
8.66038232e+01;1.38947730e-22
8.68038255e+01;1.38798080e-22
8.70038414e+01;1.38648580e-22
8.72038438e+01;1.38499610e-22
8.74038597e+01;1.38350760e-22
8.76038620e+01;1.38202600e-22
8.78038780e+01;1.38054670e-22
8.80038803e+01;1.37906980e-22
8.82038962e+01;1.37759980e-22
8.84038985e+01;1.37613060e-22
8.86039145e+01;1.37466440e-22
8.88039168e+01;1.37320350e-22
8.90039327e+01;1.37174670e-22
8.92039350e+01;1.37029030e-22
8.94039510e+01;1.36884090e-22
8.96039533e+01;1.36739370e-22
8.98039692e+01;1.36594990e-22
9.00039716e+01;1.36451110e-22
9.02039739e+01;1.36307470e-22
9.04039898e+01;1.36164150e-22
9.06039921e+01;1.36021170e-22
9.08040081e+01;1.35878640e-22
9.10040104e+01;1.35736460e-22
9.12040263e+01;1.35594720e-22
9.14040287e+01;1.35453100e-22
9.16040446e+01;1.35312000e-22
9.18040469e+01;1.35171040e-22
9.20040628e+01;1.35030670e-22
9.22040652e+01;1.34890530e-22
9.24040811e+01;1.34750610e-22
9.26040834e+01;1.34611350e-22
9.28040994e+01;1.34471960e-22
9.30041017e+01;1.34333210e-22
9.32041176e+01;1.34194480e-22
9.34041199e+01;1.34056360e-22
9.36041359e+01;1.33918530e-22
9.38041382e+01;1.33780970e-22
9.40041541e+01;1.33643460e-22
9.42041564e+01;1.33506660e-22
9.44041724e+01;1.33369880e-22
9.46041747e+01;1.33233650e-22
9.48041770e+01;1.33097570e-22
9.50041930e+01;1.32961840e-22
9.52041953e+01;1.32826390e-22
9.54042112e+01;1.32691380e-22
9.56042135e+01;1.32556370e-22
9.58042295e+01;1.32421930e-22
9.60042318e+01;1.32287840e-22
9.62042477e+01;1.32153900e-22
9.64042501e+01;1.32020180e-22
9.66042660e+01;1.31886730e-22
9.68042683e+01;1.31754000e-22
9.70042842e+01;1.31621240e-22
9.72042866e+01;1.31489000e-22
9.74043025e+01;1.31356930e-22
9.76043048e+01;1.31225130e-22
9.78043208e+01;1.31093770e-22
9.80043231e+01;1.30962680e-22
9.82043390e+01;1.30831740e-22
9.84043413e+01;1.30701370e-22
9.86043573e+01;1.30570720e-22
9.88043596e+01;1.30440900e-22
9.90043619e+01;1.30311000e-22
9.92043779e+01;1.30181710e-22
9.94043802e+01;1.30052290e-22
9.96043961e+01;1.29923420e-22
9.98043984e+01;1.29794760e-22
1.00004414e+02;1.29666520e-22
