0.00000000e+00;0.00000000e+00
9.52918830e-01;0.00000000e+00
1.01003895e+00;2.09718320e-20
1.02003907e+00;2.34761040e-20
1.03003919e+00;2.57558870e-20
1.04003930e+00;2.77600280e-20
1.05005302e+00;2.94672380e-20
1.06005314e+00;3.08802430e-20
1.07005326e+00;3.20175710e-20
1.08005337e+00;3.29075920e-20
1.09005349e+00;3.35831270e-20
1.10005361e+00;3.40774380e-20
1.11005372e+00;3.44223530e-20
1.12005384e+00;3.46477190e-20
1.13005395e+00;3.47814280e-20
1.14005407e+00;3.48513570e-20
1.15005419e+00;3.48887550e-20
1.16005430e+00;3.49332760e-20
1.17005442e+00;3.50450530e-20
1.18005454e+00;3.53263110e-20
1.19005465e+00;3.59612480e-20
1.20005477e+00;3.72519320e-20
1.21005488e+00;3.94316770e-20
1.22005500e+00;4.16782860e-20
1.23005512e+00;4.18772870e-20
1.24005523e+00;4.00601660e-20
1.25005535e+00;3.79463190e-20
1.26005547e+00;3.62439340e-20
1.27005558e+00;3.49533920e-20
1.28005570e+00;3.39501510e-20
1.29005581e+00;3.31348480e-20
1.30005593e+00;3.24431430e-20
1.31005605e+00;3.18352300e-20
1.32005616e+00;3.12860010e-20
1.33005628e+00;3.07794100e-20
1.34005640e+00;3.03048830e-20
1.35005651e+00;2.98553140e-20
1.36005663e+00;2.94256670e-20
1.37005674e+00;2.90125530e-20
1.38005686e+00;2.86134670e-20
1.39005698e+00;2.82265280e-20
1.40005709e+00;2.78503520e-20
1.41005721e+00;2.74841070e-20
1.42005733e+00;2.71268560e-20
1.43005744e+00;2.67780650e-20
1.44005756e+00;2.64370870e-20
1.45005767e+00;2.61037730e-20
1.46005779e+00;2.57777220e-20
1.47007151e+00;2.54584550e-20
1.48007163e+00;2.51464060e-20
1.49007175e+00;2.48409360e-20
1.50007186e+00;2.45419660e-20
1.51007198e+00;2.42495620e-20
1.52007209e+00;2.39634730e-20
1.53007221e+00;2.36837030e-20
1.54007233e+00;2.34101110e-20
1.55007244e+00;2.31427230e-20
1.56007256e+00;2.28814020e-20
1.57007268e+00;2.26262580e-20
1.58007279e+00;2.23771610e-20
1.59007291e+00;2.21341370e-20
1.60007302e+00;2.18972210e-20
1.61007314e+00;2.16663020e-20
1.62007326e+00;2.14415580e-20
1.63007337e+00;2.12228740e-20
1.64007349e+00;2.10105220e-20
1.65007361e+00;2.08044020e-20
1.66007372e+00;2.06047150e-20
1.67007384e+00;2.04116260e-20
1.68007395e+00;2.02252280e-20
1.69007407e+00;2.00458950e-20
1.70007419e+00;1.98739340e-20
1.71007430e+00;1.97096270e-20
1.72007442e+00;1.95535260e-20
1.73007454e+00;1.94063400e-20
1.74007465e+00;1.92688080e-20
1.75007477e+00;1.91419540e-20
1.76007488e+00;1.90271240e-20
1.77007500e+00;1.89259960e-20
1.78007512e+00;1.88407820e-20
1.79007523e+00;1.87745070e-20
1.80007535e+00;1.87310070e-20
1.81007547e+00;1.87156920e-20
1.82007558e+00;1.87359840e-20
1.83007570e+00;1.88021910e-20
1.84007581e+00;1.89292140e-20
1.85007593e+00;1.91385560e-20
1.86007605e+00;1.94624530e-20
1.87007616e+00;1.99493200e-20
1.88007628e+00;2.06725840e-20
1.89009000e+00;2.17405640e-20
1.90009012e+00;2.32974970e-20
1.91009023e+00;2.54659360e-20
1.92009035e+00;2.80993320e-20
1.93009047e+00;3.02630590e-20
1.94009058e+00;3.03415550e-20
1.95009070e+00;2.80046900e-20
1.96009082e+00;2.48130850e-20
1.97009093e+00;2.20632820e-20
1.98009105e+00;2.00509280e-20
1.99009116e+00;1.86398850e-20
2.00009128e+00;1.76433450e-20
2.01009140e+00;1.69206110e-20
2.02009151e+00;1.63790780e-20
2.03009163e+00;1.59597420e-20
2.04009175e+00;1.56246770e-20
2.05009186e+00;1.53493240e-20
2.06009198e+00;1.51172480e-20
2.07009209e+00;1.49172830e-20
2.08009221e+00;1.47417750e-20
2.09009233e+00;1.45851340e-20
2.10009244e+00;1.44434380e-20
2.11009256e+00;1.43137470e-20
2.12009268e+00;1.41938890e-20
2.13009279e+00;1.40821870e-20
2.14009291e+00;1.39773990e-20
2.15009302e+00;1.38785290e-20
2.16009314e+00;1.37847550e-20
2.17009326e+00;1.36955590e-20
2.18009337e+00;1.36103820e-20
2.19009349e+00;1.35288180e-20
2.20009361e+00;1.34505470e-20
2.21009372e+00;1.33753510e-20
2.22009384e+00;1.33030070e-20
2.23009395e+00;1.32333410e-20
2.24009407e+00;1.31661650e-20
2.25009419e+00;1.31014290e-20
2.26009430e+00;1.30390050e-20
2.27009442e+00;1.29788580e-20
2.28009454e+00;1.29208940e-20
2.29009465e+00;1.28651520e-20
2.30009477e+00;1.28115680e-20
2.31010849e+00;1.27600690e-20
2.32010861e+00;1.27108340e-20
2.33010872e+00;1.26638160e-20
2.34010884e+00;1.26190040e-20
2.35010896e+00;1.25765200e-20
2.36010907e+00;1.25364020e-20
2.37010919e+00;1.24988240e-20
2.38010930e+00;1.24639860e-20
2.39010942e+00;1.24324420e-20
2.40010954e+00;1.24062200e-20
2.41010965e+00;1.23971380e-20
2.42010977e+00;1.24281690e-20
2.43010989e+00;1.23588340e-20
2.44011000e+00;1.23241820e-20
2.45011012e+00;1.23047320e-20
2.46011023e+00;1.22919860e-20
2.47011035e+00;1.22842700e-20
2.48011047e+00;1.22812630e-20
2.49011058e+00;1.22829660e-20
2.50011070e+00;1.22895320e-20
2.51011082e+00;1.23012890e-20
2.52011093e+00;1.23184440e-20
2.53011105e+00;1.23413910e-20
2.54011116e+00;1.23704490e-20
2.55011128e+00;1.24059920e-20
2.56011140e+00;1.24484120e-20
2.57011151e+00;1.24980800e-20
2.58011163e+00;1.25554180e-20
2.59011175e+00;1.26207880e-20
2.60011186e+00;1.26946590e-20
2.61011198e+00;1.27773060e-20
2.62011209e+00;1.28691350e-20
2.63011221e+00;1.29704620e-20
2.64011233e+00;1.30815360e-20
2.65011244e+00;1.32025540e-20
2.66011256e+00;1.33335920e-20
2.67011268e+00;1.34746420e-20
2.68011279e+00;1.36146580e-20
2.69011291e+00;1.37865730e-20
2.70011302e+00;1.39565970e-20
2.71011314e+00;1.41355170e-20
2.72011326e+00;1.43225190e-20
2.73012698e+00;1.45165800e-20
2.74012710e+00;1.47168060e-20
2.75012721e+00;1.49219170e-20
2.76012733e+00;1.51305050e-20
2.77012744e+00;1.53409580e-20
2.78012756e+00;1.55517030e-20
2.79012768e+00;1.57609400e-20
2.80012779e+00;1.59670220e-20
2.81012791e+00;1.61680370e-20
2.82012803e+00;1.63624110e-20
2.83012814e+00;1.65484630e-20
2.84012826e+00;1.67246970e-20
2.85012837e+00;1.68898830e-20
2.86012849e+00;1.70429390e-20
2.87012861e+00;1.71829560e-20
2.88012872e+00;1.73092640e-20
2.89012884e+00;1.74214940e-20
2.90012896e+00;1.75194510e-20
2.91012907e+00;1.76032250e-20
2.92012919e+00;1.76730120e-20
2.93012930e+00;1.77292110e-20
2.94012942e+00;1.77723880e-20
2.95012954e+00;1.78032580e-20
2.96012965e+00;1.78225450e-20
2.97012977e+00;1.78311780e-20
2.98012989e+00;1.78299920e-20
2.99013000e+00;1.78199920e-20
3.00013012e+00;1.78021890e-20
3.01013023e+00;1.77775440e-20
3.02013035e+00;1.77471970e-20
3.03013047e+00;1.77122050e-20
3.04013058e+00;1.76737450e-20
3.05013070e+00;1.76331620e-20
3.06013082e+00;1.75919450e-20
3.07013093e+00;1.75518640e-20
3.08013105e+00;1.75151870e-20
3.09013116e+00;1.74848390e-20
3.10013128e+00;1.74648830e-20
3.11013140e+00;1.74610780e-20
3.12013151e+00;1.74820450e-20
3.13013163e+00;1.75411210e-20
3.14014535e+00;1.76595520e-20
3.15014547e+00;1.78731780e-20
3.16014558e+00;1.82438240e-20
3.17014570e+00;1.88835750e-20
3.18014582e+00;2.00025480e-20
3.19014593e+00;2.19970020e-20
3.20014605e+00;2.55436460e-20
3.21014617e+00;3.12592130e-20
3.22014628e+00;3.74822820e-20
3.23014640e+00;3.89338690e-20
3.24014651e+00;3.50990430e-20
3.25014663e+00;3.04650580e-20
3.26014675e+00;2.69846780e-20
3.27014686e+00;2.46402170e-20
3.28014698e+00;2.31030430e-20
3.29014710e+00;2.21993280e-20
3.30014721e+00;2.20828030e-20
3.31014733e+00;2.08143320e-20
3.32014744e+00;1.97226290e-20
3.33014756e+00;1.92496470e-20
3.34014768e+00;1.89222090e-20
3.35014779e+00;1.86625030e-20
3.36014791e+00;1.84470520e-20
3.37014803e+00;1.82644260e-20
3.38014814e+00;1.81074400e-20
3.39014826e+00;1.79710550e-20
3.40014837e+00;1.78516400e-20
3.41014849e+00;1.77464480e-20
3.42014861e+00;1.76533740e-20
3.43014872e+00;1.75707390e-20
3.44014884e+00;1.74972170e-20
3.45014896e+00;1.74318090e-20
3.46014907e+00;1.73736750e-20
3.47014919e+00;1.73221050e-20
3.48014930e+00;1.72765970e-20
3.49014942e+00;1.72367520e-20
3.50014954e+00;1.72022320e-20
3.51014965e+00;1.71727220e-20
3.52014977e+00;1.71481100e-20
3.53014989e+00;1.71282460e-20
3.54015000e+00;1.71130860e-20
3.55015012e+00;1.71025720e-20
3.56016384e+00;1.70966960e-20
3.57016396e+00;1.70957280e-20
3.58016407e+00;1.70997060e-20
3.59016419e+00;1.71088790e-20
3.60016430e+00;1.71234900e-20
3.61016442e+00;1.71439000e-20
3.62016454e+00;1.71706010e-20
3.63016465e+00;1.72040550e-20
3.64016477e+00;1.72449430e-20
3.65016489e+00;1.72940490e-20
3.66016500e+00;1.73523140e-20
3.67016512e+00;1.74208050e-20
3.68016523e+00;1.75009170e-20
3.69016535e+00;1.75941660e-20
3.70016547e+00;1.77023880e-20
3.71016558e+00;1.78275540e-20
3.72016570e+00;1.79719220e-20
3.73016582e+00;1.81375430e-20
3.74016593e+00;1.83258650e-20
3.75016605e+00;1.85364600e-20
3.76016617e+00;1.87645940e-20
3.77016628e+00;1.89962360e-20
3.78016640e+00;1.91991720e-20
3.79016651e+00;1.93087550e-20
3.80016663e+00;1.92140140e-20
3.81016675e+00;1.87701580e-20
3.82016686e+00;1.78826900e-20
3.83016698e+00;1.66525980e-20
3.84016710e+00;1.53882620e-20
3.85016721e+00;1.43842580e-20
3.86016733e+00;1.37395840e-20
3.87016744e+00;1.33972530e-20
3.88016756e+00;1.32571540e-20
3.89016768e+00;1.32363790e-20
3.90016779e+00;1.32801710e-20
3.91016791e+00;1.33561090e-20
3.92016803e+00;1.34457650e-20
3.93016814e+00;1.35391730e-20
3.94016826e+00;1.36310940e-20
3.95016837e+00;1.37188700e-20
3.96016849e+00;1.38014220e-20
3.97016861e+00;1.38783330e-20
3.98018233e+00;1.39497240e-20
3.99018244e+00;1.40159640e-20
4.00018256e+00;1.40773590e-20
4.01018268e+00;1.41343610e-20
4.02018279e+00;1.41874180e-20
4.03018291e+00;1.42368890e-20
4.04018303e+00;1.42831860e-20
4.05018314e+00;1.43265980e-20
4.06018326e+00;1.43674690e-20
4.07018337e+00;1.44060900e-20
4.08018349e+00;1.44426240e-20
4.09018361e+00;1.44773860e-20
4.10018372e+00;1.45105180e-20
4.11018384e+00;1.45422150e-20
4.12018396e+00;1.45726620e-20
4.13018407e+00;1.46019450e-20
4.14018419e+00;1.46302480e-20
4.15018430e+00;1.46576810e-20
4.16018442e+00;1.46843010e-20
4.17018454e+00;1.47102720e-20
4.18018465e+00;1.47356380e-20
4.19018477e+00;1.47605080e-20
4.20018489e+00;1.47849360e-20
4.21018500e+00;1.48090140e-20
4.22018512e+00;1.48328600e-20
4.23018524e+00;1.48564320e-20
4.24018535e+00;1.48798370e-20
4.25018547e+00;1.49031380e-20
4.26018558e+00;1.49264100e-20
4.27018570e+00;1.49496690e-20
4.28018582e+00;1.49729890e-20
4.29018593e+00;1.49964080e-20
4.30018605e+00;1.50200050e-20
4.31018617e+00;1.50437990e-20
4.32018628e+00;1.50678630e-20
4.33018640e+00;1.50922630e-20
4.34018651e+00;1.51170260e-20
4.35018663e+00;1.51421990e-20
4.36018675e+00;1.51678960e-20
4.37018686e+00;1.51941460e-20
4.38018698e+00;1.52210120e-20
4.39018710e+00;1.52485750e-20
4.40020082e+00;1.52768250e-20
4.41020093e+00;1.53059770e-20
4.42020105e+00;1.53360800e-20
4.43020117e+00;1.53671870e-20
4.44020128e+00;1.53994110e-20
4.45020140e+00;1.54329180e-20
4.46020151e+00;1.54677900e-20
4.47020163e+00;1.55041250e-20
4.48020175e+00;1.55421200e-20
4.49020186e+00;1.55819370e-20
4.50020198e+00;1.56237570e-20
4.51020210e+00;1.56677550e-20
4.52020221e+00;1.57141350e-20
4.53020233e+00;1.57631700e-20
4.54020244e+00;1.58150670e-20
4.55020256e+00;1.58701360e-20
4.56020268e+00;1.59286400e-20
4.57020279e+00;1.59908660e-20
4.58020291e+00;1.60569980e-20
4.59020303e+00;1.61272300e-20
4.60020314e+00;1.62015650e-20
4.61020326e+00;1.62797900e-20
4.62020337e+00;1.63612070e-20
4.63020349e+00;1.64443840e-20
4.64020361e+00;1.65265720e-20
4.65020372e+00;1.66030090e-20
4.66020384e+00;1.66658340e-20
4.67020396e+00;1.67021810e-20
4.68020407e+00;1.66926550e-20
4.69020419e+00;1.66110430e-20
4.70020430e+00;1.64267880e-20
4.71020442e+00;1.61163980e-20
4.72020454e+00;1.56828750e-20
4.73020465e+00;1.51722640e-20
4.74020477e+00;1.46657750e-20
4.75020489e+00;1.42428570e-20
4.76020500e+00;1.39458510e-20
4.77020512e+00;1.37748000e-20
4.78020524e+00;1.37051460e-20
4.79020535e+00;1.37065340e-20
4.80020547e+00;1.37532590e-20
4.81020558e+00;1.38267000e-20
4.82021931e+00;1.39145650e-20
4.83021942e+00;1.40093480e-20
4.84021954e+00;1.41065710e-20
4.85021965e+00;1.42037220e-20
4.86021977e+00;1.42995280e-20
4.87021989e+00;1.43934610e-20
4.88022000e+00;1.44854560e-20
4.89022012e+00;1.45756940e-20
4.90022024e+00;1.46644930e-20
4.91022035e+00;1.47523370e-20
4.92022047e+00;1.48396230e-20
4.93022058e+00;1.49268650e-20
4.94022070e+00;1.50144760e-20
4.95022082e+00;1.51029140e-20
4.96022093e+00;1.51925820e-20
4.97022105e+00;1.52837440e-20
4.98022117e+00;1.53766430e-20
4.99022128e+00;1.54716650e-20
5.00022140e+00;1.55702120e-20
5.01022151e+00;1.56788610e-20
5.02022163e+00;1.58277280e-20
5.03022175e+00;1.61477510e-20
5.04022186e+00;1.69504990e-20
5.05022198e+00;1.77811440e-20
5.06022210e+00;1.80138080e-20
5.07022221e+00;1.81433180e-20
5.08022233e+00;1.83592670e-20
5.09022244e+00;1.86719520e-20
5.10022256e+00;1.90683710e-20
5.11022268e+00;1.95245850e-20
5.12022279e+00;1.99849730e-20
5.13022291e+00;2.03239620e-20
5.14022303e+00;2.03056700e-20
5.15022314e+00;1.96283730e-20
5.16022326e+00;1.81822060e-20
5.17022337e+00;1.63272750e-20
5.18022349e+00;1.46547110e-20
5.19022361e+00;1.34850200e-20
5.20022372e+00;1.27993730e-20
5.21022384e+00;1.24521120e-20
5.22022396e+00;1.23095380e-20
5.23022407e+00;1.22819840e-20
5.24023779e+00;1.23159010e-20
5.25023791e+00;1.23808430e-20
5.26023803e+00;1.24596770e-20
5.27023814e+00;1.25429340e-20
5.28023826e+00;1.26253920e-20
5.29023838e+00;1.27041520e-20
5.30023849e+00;1.27777600e-20
5.31023861e+00;1.28454430e-20
5.32023872e+00;1.29067980e-20
5.33023884e+00;1.29614880e-20
5.34023896e+00;1.30093940e-20
5.35023907e+00;1.30501210e-20
5.36023919e+00;1.30832560e-20
5.37023931e+00;1.31079950e-20
5.38023942e+00;1.31233490e-20
5.39023954e+00;1.31279120e-20
5.40023965e+00;1.31205670e-20
5.41023977e+00;1.31030010e-20
5.42023989e+00;1.30940050e-20
5.43024000e+00;1.32236160e-20
5.44024012e+00;1.47370940e-20
5.45024024e+00;2.65484860e-20
5.46024035e+00;1.90887180e-20
5.47024047e+00;1.62745880e-20
5.48024058e+00;1.53860270e-20
5.49024070e+00;1.49942580e-20
5.50024082e+00;1.47883930e-20
5.51024093e+00;1.46697240e-20
5.52024105e+00;1.45982140e-20
5.53024117e+00;1.45549770e-20
5.54024128e+00;1.45299760e-20
5.55024140e+00;1.45175310e-20
5.56024151e+00;1.45141280e-20
5.57024163e+00;1.45176480e-20
5.58024175e+00;1.45265490e-20
5.59024186e+00;1.45400290e-20
5.60024198e+00;1.45574600e-20
5.61024210e+00;1.45785010e-20
5.62024221e+00;1.46029620e-20
5.63024233e+00;1.46307700e-20
5.64024244e+00;1.46620860e-20
5.65024256e+00;1.46971280e-20
5.66025628e+00;1.47361590e-20
5.67025640e+00;1.47797160e-20
5.68025652e+00;1.48283400e-20
5.69025663e+00;1.48829440e-20
5.70025675e+00;1.49444730e-20
5.71025686e+00;1.50143570e-20
5.72025698e+00;1.50942970e-20
5.73025710e+00;1.51866470e-20
5.74025721e+00;1.52945750e-20
5.75025733e+00;1.54223460e-20
5.76025745e+00;1.55760680e-20
5.77025756e+00;1.57649750e-20
5.78025768e+00;1.60060490e-20
5.79025779e+00;1.67547360e-20
5.80025791e+00;1.66479200e-20
5.81025803e+00;1.71774380e-20
5.82025814e+00;1.79126710e-20
5.83025826e+00;1.90124990e-20
5.84025838e+00;2.25008550e-20
5.85025849e+00;2.05737540e-20
5.86025861e+00;2.00509780e-20
5.87025872e+00;1.70933130e-20
5.88025884e+00;1.44930130e-20
5.89025896e+00;1.32811220e-20
5.90025907e+00;1.28524650e-20
5.91025919e+00;1.27470020e-20
5.92025931e+00;1.27661280e-20
5.93025942e+00;1.28310960e-20
5.94025954e+00;1.29104620e-20
5.95025965e+00;1.29915380e-20
5.96025977e+00;1.30694610e-20
5.97025989e+00;1.31426220e-20
5.98026000e+00;1.32108200e-20
5.99026012e+00;1.32745560e-20
6.00026024e+00;1.33344590e-20
6.01026035e+00;1.33913990e-20
6.02026047e+00;1.34462480e-20
6.03026058e+00;1.34999360e-20
6.04026070e+00;1.35535310e-20
6.05026082e+00;1.36081820e-20
6.06026093e+00;1.36653500e-20
6.07026105e+00;1.37268960e-20
6.08027477e+00;1.37953040e-20
6.09027489e+00;1.38741640e-20
6.10027500e+00;1.39688640e-20
6.11027512e+00;1.40879960e-20
6.12027524e+00;1.42462670e-20
6.13027535e+00;1.44706380e-20
6.14027547e+00;1.48154310e-20
6.15027559e+00;1.54019240e-20
6.16027570e+00;1.65268330e-20
6.17027582e+00;1.87918130e-20
6.18027593e+00;2.05636130e-20
6.19027605e+00;1.68261180e-20
6.20027617e+00;1.44157820e-20
6.21027628e+00;1.36532600e-20
6.22027640e+00;1.34000810e-20
6.23027652e+00;1.33090270e-20
6.24027663e+00;1.32751970e-20
6.25027675e+00;1.32613790e-20
6.26027686e+00;1.32518630e-20
6.27027698e+00;1.32386910e-20
6.28027710e+00;1.32178340e-20
6.29027721e+00;1.31887570e-20
6.30027733e+00;1.31553530e-20
6.31027745e+00;1.31254230e-20
6.32027756e+00;1.31066610e-20
6.33027768e+00;1.31019100e-20
6.34027779e+00;1.31089960e-20
6.35027791e+00;1.31234120e-20
6.36027803e+00;1.31411130e-20
6.37027814e+00;1.31593400e-20
6.38027826e+00;1.31766090e-20
6.39027838e+00;1.31922430e-20
6.40027849e+00;1.32060420e-20
6.41027861e+00;1.32180350e-20
6.42027872e+00;1.32282960e-20
6.43027884e+00;1.32370220e-20
6.44027896e+00;1.32443660e-20
6.45027907e+00;1.32504930e-20
6.46027919e+00;1.32555090e-20
6.47027931e+00;1.32596210e-20
6.48027942e+00;1.32628390e-20
6.49029314e+00;1.32652930e-20
6.50029326e+00;1.32671620e-20
6.51029338e+00;1.32684380e-20
6.52029349e+00;1.32692530e-20
6.53029361e+00;1.32696920e-20
6.54029373e+00;1.32697880e-20
6.55029384e+00;1.32697190e-20
6.56029396e+00;1.32695660e-20
6.57029407e+00;1.32694640e-20
6.58029419e+00;1.32696540e-20
6.59029431e+00;1.32703050e-20
6.60029442e+00;1.32717490e-20
6.61029454e+00;1.32744760e-20
6.62029466e+00;1.32791200e-20
6.63029477e+00;1.32866790e-20
6.64029489e+00;1.32986360e-20
6.65029500e+00;1.33172620e-20
6.66029512e+00;1.33468990e-20
6.67029524e+00;1.33947840e-20
6.68029535e+00;1.34736990e-20
6.69029547e+00;1.36147100e-20
6.70029559e+00;1.38947030e-20
6.71029570e+00;1.45848560e-20
6.72029582e+00;1.72833550e-20
6.73029593e+00;2.01776820e-20
6.74029605e+00;1.67964950e-20
6.75029617e+00;1.78672860e-20
6.76029628e+00;1.82457020e-20
6.77029640e+00;1.70999280e-20
6.78029652e+00;1.59267390e-20
6.79029663e+00;1.51557370e-20
6.80029675e+00;1.46764250e-20
6.81029686e+00;1.43692700e-20
6.82029698e+00;1.41639790e-20
6.83029710e+00;1.40218330e-20
6.84029721e+00;1.39211760e-20
6.85029733e+00;1.38496300e-20
6.86029745e+00;1.38000330e-20
6.87029756e+00;1.37686370e-20
6.88029768e+00;1.37541550e-20
6.89029779e+00;1.37577550e-20
6.90029791e+00;1.37835510e-20
6.91031163e+00;1.38410400e-20
6.92031175e+00;1.39500130e-20
6.93031187e+00;1.41521820e-20
6.94031198e+00;1.45261060e-20
6.95031210e+00;1.50270590e-20
6.96031221e+00;1.45590480e-20
6.97031233e+00;1.34971130e-20
6.98031245e+00;1.31122530e-20
6.99031256e+00;1.30111780e-20
7.00031268e+00;1.29860120e-20
7.01031280e+00;1.29814920e-20
7.02031291e+00;1.29822900e-20
7.03031303e+00;1.29837320e-20
7.04031314e+00;1.29845490e-20
7.05031326e+00;1.29844610e-20
7.06031338e+00;1.29834590e-20
7.07031349e+00;1.29817300e-20
7.08031361e+00;1.29794820e-20
7.09031373e+00;1.29768940e-20
7.10031384e+00;1.29741880e-20
7.11031396e+00;1.29715100e-20
7.12031407e+00;1.29679440e-20
7.13031419e+00;1.29707590e-20
7.14031431e+00;1.29708720e-20
7.15031442e+00;1.29754250e-20
7.26031570e+00;1.30050670e-20
7.27031582e+00;1.30527780e-20
7.28031593e+00;1.30992340e-20
7.29031605e+00;1.31038160e-20
7.30031617e+00;1.30212420e-20
7.31031628e+00;1.29572440e-20
7.32031640e+00;1.31241300e-20
7.33033012e+00;1.43571490e-20
7.34033024e+00;1.20789210e-20
7.45033152e+00;1.19761450e-20
7.46033163e+00;1.19373210e-20
7.47033175e+00;1.19143990e-20
7.48033187e+00;1.19533520e-20
7.49033198e+00;1.21952190e-20
7.50033210e+00;1.29929050e-20
7.51033221e+00;1.44129630e-20
7.52033233e+00;1.49314400e-20
7.53033245e+00;1.44246860e-20
7.54033256e+00;1.38288060e-20
7.55033268e+00;1.33854970e-20
7.56033280e+00;1.31083900e-20
7.57033291e+00;1.29508570e-20
7.58033303e+00;1.28535630e-20
7.59033314e+00;1.27826000e-20
7.60033326e+00;1.27243440e-20
7.61033338e+00;1.26734490e-20
7.62033349e+00;1.26275580e-20
7.63033361e+00;1.25853480e-20
7.64033373e+00;1.25459200e-20
7.65033384e+00;1.25086300e-20
7.66033396e+00;1.24729670e-20
7.67033407e+00;1.24384000e-20
7.68033419e+00;1.24045400e-20
7.69033431e+00;1.23711270e-20
7.70033442e+00;1.23378610e-20
7.71033454e+00;1.23044810e-20
7.72033466e+00;1.22709660e-20
7.73033477e+00;1.22373540e-20
7.74033489e+00;1.22044930e-20
7.75034861e+00;1.21747570e-20
7.76034873e+00;1.21557100e-20
7.77034884e+00;1.21715390e-20
7.78034896e+00;1.23093340e-20
7.79034907e+00;1.28112300e-20
7.80034919e+00;1.31697790e-20
7.81034931e+00;1.26576630e-20
7.82034942e+00;1.22155430e-20
7.83034954e+00;1.18924820e-20
7.84034966e+00;1.27580010e-20
7.85034977e+00;1.32420580e-20
7.86034989e+00;1.40337900e-20
7.87035000e+00;1.37126450e-20
7.88035012e+00;1.32527780e-20
7.89035024e+00;1.29361700e-20
8.10035268e+00;1.23688320e-20
8.11035280e+00;1.23226750e-20
8.12035291e+00;1.22411670e-20
8.13035303e+00;1.21279310e-20
8.63038605e+00;1.11527650e-20
9.16040582e+00;1.05010360e-20
9.17040594e+00;1.04883100e-20
9.18040605e+00;1.04770630e-20
9.19040617e+00;1.04630220e-20
9.20040628e+00;1.04504470e-20
9.21040640e+00;1.04380230e-20
9.22040652e+00;1.04254110e-20
9.23040663e+00;1.04128730e-20
9.24040675e+00;1.04005750e-20
9.25040687e+00;1.03882910e-20
9.26040698e+00;1.03761590e-20
9.27040710e+00;1.03635470e-20
9.28040721e+00;1.03517910e-20
9.29040733e+00;1.03398570e-20
9.30040745e+00;1.03278430e-20
9.31040756e+00;1.03159990e-20
9.32040768e+00;1.03041560e-20
9.33040780e+00;1.02922760e-20
9.34040791e+00;1.02805950e-20
9.35040803e+00;1.02688640e-20
9.36040814e+00;1.02570940e-20
9.37040826e+00;1.02456440e-20
9.38040838e+00;1.02339490e-20
9.39040849e+00;1.02223840e-20
9.40040861e+00;1.02107460e-20
9.41040873e+00;1.01986370e-20
9.42042245e+00;1.01876980e-20
9.43042256e+00;1.01761290e-20
9.44042268e+00;1.01645380e-20
9.45042280e+00;1.01529430e-20
9.46042291e+00;1.01422070e-20
9.47042303e+00;1.01299440e-20
9.48042315e+00;1.01183550e-20
9.49042326e+00;1.01067260e-20
9.50042338e+00;1.00950750e-20
9.51042349e+00;1.00835050e-20
9.52042361e+00;1.00718130e-20
9.53042373e+00;1.00600120e-20
9.54042384e+00;1.00485560e-20
9.55042396e+00;1.00369070e-20
9.56042408e+00;1.00251210e-20
9.57042419e+00;1.00135690e-20
9.58042431e+00;1.00018480e-20
9.59042442e+00;9.99015560e-21
9.60042454e+00;9.97846230e-21
9.61042466e+00;9.96671040e-21
9.62042477e+00;9.95501720e-21
9.63042489e+00;9.94326100e-21
9.64042501e+00;9.93159100e-21
9.65042512e+00;9.91976310e-21
9.66042524e+00;9.90806190e-21
9.67042535e+00;9.89633760e-21
9.68042547e+00;9.88461270e-21
9.69042559e+00;9.87285530e-21
9.70042570e+00;9.86110970e-21
9.71042582e+00;9.84933600e-21
9.72042594e+00;9.83761850e-21
9.73042605e+00;9.82587920e-21
9.74042617e+00;9.81417090e-21
9.75042628e+00;9.80246840e-21
9.76042640e+00;9.79072030e-21
9.77042652e+00;9.77921500e-21
9.78042663e+00;9.76736260e-21
9.79042675e+00;9.75561330e-21
9.80042687e+00;9.74393720e-21
9.81042698e+00;9.73223700e-21
9.82042710e+00;9.72056610e-21
9.83042721e+00;9.70885470e-21
9.84044094e+00;9.69718260e-21
9.85044105e+00;9.68713670e-21
9.86044117e+00;9.67478380e-21
9.87044129e+00;9.66198480e-21
9.88044140e+00;9.65046620e-21
9.89044152e+00;9.63877670e-21
9.90044163e+00;9.62716570e-21
9.91044175e+00;9.61548700e-21
9.92044187e+00;9.60386260e-21
9.93044198e+00;9.59224480e-21
9.94044210e+00;9.58059430e-21
9.95044222e+00;9.56897630e-21
9.96044233e+00;9.55737320e-21
9.97044245e+00;9.54573970e-21
9.98044256e+00;9.53414680e-21
9.99044268e+00;9.52241960e-21
1.00004428e+01;9.51072130e-21
1.00104429e+01;9.49928370e-21
1.00204430e+01;9.48776080e-21
1.00304431e+01;9.47616480e-21
1.00404433e+01;9.46464760e-21
1.00504434e+01;9.45387600e-21
1.00604435e+01;9.44150410e-21
1.00704436e+01;9.43001020e-21
1.00804437e+01;9.41846280e-21
1.00904438e+01;9.40697100e-21
1.01004440e+01;9.39549710e-21
1.01104441e+01;9.38411400e-21
1.01204442e+01;9.37255360e-21
1.01304443e+01;9.36110690e-21
1.01404444e+01;9.34962560e-21
1.01504445e+01;9.33821730e-21
1.01604447e+01;9.32680110e-21
1.01704448e+01;9.31540620e-21
1.01804449e+01;9.30400870e-21
1.01904450e+01;9.29275870e-21
1.02004451e+01;9.28133820e-21
1.02104452e+01;9.26999910e-21
1.02204454e+01;9.25870820e-21
1.02304455e+01;9.24739930e-21
1.02404456e+01;9.23613060e-21
1.02504457e+01;9.22487220e-21
1.02604594e+01;9.21359730e-21
1.02704595e+01;9.20253870e-21
1.02804597e+01;9.19131820e-21
1.02904598e+01;9.18014280e-21
1.03004599e+01;9.16900070e-21
1.03104600e+01;9.15786300e-21
1.03204601e+01;9.14678850e-21
1.03304602e+01;9.13563340e-21
1.03404604e+01;9.12464570e-21
1.03504605e+01;9.11370820e-21
1.03604606e+01;9.10263180e-21
1.03704607e+01;9.09164690e-21
1.03804608e+01;9.08067470e-21
1.03904609e+01;9.07070630e-21
1.04004611e+01;9.05899110e-21
1.04104612e+01;9.04808950e-21
1.04204613e+01;9.03724750e-21
1.04304614e+01;9.02644840e-21
1.04404615e+01;9.01565590e-21
1.04504616e+01;9.00488440e-21
1.04604618e+01;8.99414840e-21
1.04704619e+01;8.98345540e-21
1.04804620e+01;8.97275800e-21
1.04904621e+01;8.96212980e-21
1.05004622e+01;8.95145860e-21
1.05104623e+01;8.94123520e-21
1.05204625e+01;8.93044940e-21
1.05304626e+01;8.91988270e-21
1.05404627e+01;8.90939000e-21
1.05504628e+01;8.89890640e-21
1.05604629e+01;8.88843610e-21
1.05704630e+01;8.87802100e-21
1.05804631e+01;8.86765280e-21
1.05904633e+01;8.85726800e-21
1.06004634e+01;8.84693380e-21
1.06104635e+01;8.83662300e-21
1.06204636e+01;8.82635260e-21
1.06304637e+01;8.81544470e-21
1.06404638e+01;8.80593900e-21
1.06504640e+01;8.79574280e-21
1.06604641e+01;8.78556970e-21
1.06704642e+01;8.77542040e-21
1.06804779e+01;8.76530500e-21
1.06904780e+01;8.75520770e-21
1.07004782e+01;8.74515840e-21
1.07104783e+01;8.73520040e-21
1.07204784e+01;8.72505390e-21
1.07304785e+01;8.71515390e-21
1.07404786e+01;8.70518150e-21
1.07504787e+01;8.69537820e-21
1.07604788e+01;8.68544440e-21
1.07704790e+01;8.67553900e-21
1.07804791e+01;8.66598310e-21
1.07904792e+01;8.65598320e-21
1.08004793e+01;8.64620160e-21
1.08104794e+01;8.63642900e-21
1.08204795e+01;8.62670730e-21
1.08304797e+01;8.61698340e-21
1.08404798e+01;8.60731030e-21
1.08504799e+01;8.59766360e-21
1.08604800e+01;8.58804100e-21
1.08704801e+01;8.57844180e-21
1.08804802e+01;8.56889060e-21
1.08904804e+01;8.55934180e-21
1.09004805e+01;8.54981460e-21
1.09104806e+01;8.54031840e-21
1.09204807e+01;8.53083620e-21
1.09304808e+01;8.52139880e-21
1.09404809e+01;8.51196570e-21
1.09504811e+01;8.50257860e-21
1.09604812e+01;8.49322850e-21
1.09704813e+01;8.48391520e-21
1.09804814e+01;8.47457460e-21
1.09904815e+01;8.46528050e-21
1.10004816e+01;8.45603200e-21
1.10104818e+01;8.44678740e-21
1.10204819e+01;8.43756710e-21
1.10304820e+01;8.42838470e-21
1.10404821e+01;8.41919720e-21
1.10504822e+01;8.41006400e-21
1.10604823e+01;8.40098280e-21
1.10704825e+01;8.39187230e-21
1.10804826e+01;8.38282280e-21
1.10904827e+01;8.37376450e-21
1.11004964e+01;8.36472900e-21
1.11104965e+01;8.35576960e-21
1.11204966e+01;8.34677080e-21
1.11304968e+01;8.33785440e-21
1.11404969e+01;8.32894380e-21
1.11504970e+01;8.32003030e-21
1.11604971e+01;8.31116480e-21
1.11704972e+01;8.30234000e-21
1.11804973e+01;8.29351260e-21
1.11904975e+01;8.28471180e-21
1.12004976e+01;8.27592980e-21
1.12104977e+01;8.26720900e-21
1.12204978e+01;8.25847930e-21
1.12304979e+01;8.24976560e-21
1.12404980e+01;8.24111040e-21
1.12504982e+01;8.23245500e-21
1.12604983e+01;8.22382040e-21
1.12704984e+01;8.21520450e-21
1.12804985e+01;8.20661770e-21
1.12904986e+01;8.19804930e-21
1.13004987e+01;8.18952840e-21
1.13104988e+01;8.18141330e-21
1.13204990e+01;8.17250440e-21
1.13304991e+01;8.16399140e-21
1.13404992e+01;8.15554180e-21
1.13504993e+01;8.14710140e-21
1.13604994e+01;8.13871350e-21
1.13704995e+01;8.13028880e-21
1.13804997e+01;8.12193830e-21
1.13904998e+01;8.11362120e-21
1.14004999e+01;8.10527340e-21
1.14105000e+01;8.09696940e-21
1.14205001e+01;8.08868240e-21
1.14305002e+01;8.08039900e-21
1.14405004e+01;8.07216030e-21
1.14505005e+01;8.06391680e-21
1.14605006e+01;8.05571150e-21
1.14705007e+01;8.04753830e-21
1.14805008e+01;8.03936810e-21
1.14905009e+01;8.03120270e-21
1.15005011e+01;8.02309050e-21
1.15105012e+01;8.01497400e-21
1.15205149e+01;8.00685020e-21
1.15305150e+01;7.99878130e-21
1.15405151e+01;7.99071760e-21
1.15505152e+01;7.98266890e-21
1.15605154e+01;7.97471950e-21
1.15705155e+01;7.96680360e-21
1.15805156e+01;7.95863180e-21
1.15905157e+01;7.95061940e-21
1.16005158e+01;7.94278700e-21
1.16105159e+01;7.93476320e-21
1.16205161e+01;7.92689530e-21
1.16305162e+01;7.91892420e-21
1.16405163e+01;7.91105900e-21
1.16505164e+01;7.90317910e-21
1.16605165e+01;7.89534530e-21
1.16705166e+01;7.88752570e-21
1.16805168e+01;7.87969610e-21
1.16905169e+01;7.87188850e-21
1.17005170e+01;7.86413370e-21
1.17105171e+01;7.85633840e-21
1.17205172e+01;7.84858740e-21
1.17305173e+01;7.84083820e-21
1.17405175e+01;7.83317540e-21
1.17505176e+01;7.82551900e-21
1.17605177e+01;7.81758350e-21
1.17705178e+01;7.80999420e-21
1.17805179e+01;7.80234980e-21
1.17905180e+01;7.79471430e-21
1.18005182e+01;7.78710640e-21
1.18105183e+01;7.77944760e-21
1.18205184e+01;7.77188050e-21
1.18305185e+01;7.76428410e-21
1.18405186e+01;7.75671800e-21
1.18505187e+01;7.74916500e-21
1.18605188e+01;7.74161330e-21
1.18705190e+01;7.73408600e-21
1.18805191e+01;7.72657710e-21
1.18905192e+01;7.71907830e-21
1.19005193e+01;7.71161350e-21
1.19105194e+01;7.70412490e-21
1.19205195e+01;7.69667180e-21
1.19305197e+01;7.68921950e-21
1.19405334e+01;7.68180170e-21
1.19505335e+01;7.67436810e-21
1.19605336e+01;7.66698760e-21
1.19705337e+01;7.65964000e-21
1.19805338e+01;7.65224700e-21
1.19905340e+01;7.64489340e-21
1.20005341e+01;7.63756520e-21
1.20105342e+01;7.63021440e-21
1.20205343e+01;7.62294590e-21
1.20305344e+01;7.61562550e-21
1.20405345e+01;7.60833790e-21
1.20505347e+01;7.60108530e-21
1.20605348e+01;7.59381310e-21
1.20705349e+01;7.58657110e-21
1.20805350e+01;7.57935950e-21
1.20905351e+01;7.57215330e-21
1.21005352e+01;7.56494450e-21
1.21105354e+01;7.55776430e-21
1.21205355e+01;7.55060460e-21
1.21305356e+01;7.54343290e-21
1.21405357e+01;7.53629930e-21
1.21505358e+01;7.52916360e-21
1.21605359e+01;7.52204170e-21
1.21705361e+01;7.51495950e-21
1.21805362e+01;7.50787290e-21
1.21905363e+01;7.50080240e-21
1.22005364e+01;7.49373910e-21
1.22105365e+01;7.48670430e-21
1.22205366e+01;7.47966600e-21
1.22305368e+01;7.47264710e-21
1.22405369e+01;7.46565230e-21
1.22505370e+01;7.45869070e-21
1.22605371e+01;7.45169900e-21
1.22705372e+01;7.44474160e-21
1.22805373e+01;7.43779890e-21
1.22905375e+01;7.43085780e-21
1.23005376e+01;7.42394530e-21
1.23105377e+01;7.41702330e-21
1.23205378e+01;7.41015290e-21
1.23305379e+01;7.40329870e-21
1.23405380e+01;7.39640370e-21
1.23505517e+01;7.38953850e-21
1.23605519e+01;7.39064940e-21
1.23705520e+01;7.37588650e-21
1.23805521e+01;7.36908640e-21
1.23905522e+01;7.36232520e-21
1.24005523e+01;7.35549420e-21
1.24105525e+01;7.34874830e-21
1.24205526e+01;7.34197900e-21
1.24305527e+01;7.33524490e-21
1.24405528e+01;7.32849350e-21
1.24505529e+01;7.32177650e-21
1.24605530e+01;7.31509700e-21
1.24705532e+01;7.30840050e-21
1.24805533e+01;7.30172700e-21
1.24905534e+01;7.29507140e-21
1.25005535e+01;7.28840830e-21
1.25105536e+01;7.28175500e-21
1.25205537e+01;7.27513470e-21
1.25305538e+01;7.26853870e-21
1.25405540e+01;7.26192800e-21
1.25505541e+01;7.25534470e-21
1.25605542e+01;7.24875740e-21
1.25705543e+01;7.24219680e-21
1.25805544e+01;7.23566560e-21
1.25905545e+01;7.22910230e-21
1.26005547e+01;7.22259370e-21
1.26105548e+01;7.21608530e-21
1.26205549e+01;7.20958580e-21
1.26305550e+01;7.20309140e-21
1.26405551e+01;7.19660700e-21
1.26505552e+01;7.19013950e-21
1.26605554e+01;7.18370300e-21
1.26705555e+01;7.17726390e-21
1.26805556e+01;7.17083450e-21
1.26905557e+01;7.16441710e-21
1.27005558e+01;7.15802670e-21
1.27105559e+01;7.15162200e-21
1.27205561e+01;7.14525950e-21
1.27305562e+01;7.13885070e-21
1.27405563e+01;7.13251640e-21
1.27505564e+01;7.12615510e-21
1.27605565e+01;7.11984070e-21
1.27705702e+01;7.11356550e-21
1.27805704e+01;7.10724930e-21
1.27905705e+01;7.10091430e-21
1.28005706e+01;7.09460340e-21
1.28105707e+01;7.08832880e-21
1.28205708e+01;7.08205690e-21
1.28305709e+01;7.07582050e-21
1.28405710e+01;7.06964530e-21
1.28505712e+01;7.06340980e-21
1.28605713e+01;7.05721900e-21
1.28705714e+01;7.05106380e-21
1.28805715e+01;7.04485420e-21
1.28905716e+01;7.03865500e-21
1.29005717e+01;7.03302030e-21
1.29105719e+01;7.02669180e-21
1.29205720e+01;7.01983110e-21
1.29305721e+01;7.01388120e-21
1.29405722e+01;7.00756070e-21
1.29505723e+01;7.00159760e-21
1.29605725e+01;6.99554520e-21
1.29705726e+01;6.98945170e-21
1.29805727e+01;6.98332050e-21
1.29905728e+01;6.97727580e-21
1.30005729e+01;6.97125380e-21
1.30105730e+01;6.96515840e-21
1.30205732e+01;6.95911150e-21
1.30305733e+01;6.95306470e-21
1.30405734e+01;6.94705560e-21
1.30505735e+01;6.94109980e-21
1.30605736e+01;6.93506740e-21
1.30705737e+01;6.92914120e-21
1.30805738e+01;6.92310570e-21
1.30905740e+01;6.91711160e-21
1.31005741e+01;6.91122990e-21
1.31105742e+01;6.90525850e-21
1.31205743e+01;6.89933230e-21
1.31305744e+01;6.89338960e-21
1.31405745e+01;6.88744390e-21
1.31505747e+01;6.88158780e-21
1.31605748e+01;6.87529650e-21
1.31705749e+01;6.86907480e-21
1.31805750e+01;6.86438580e-21
1.31905887e+01;6.85786050e-21
1.32005889e+01;6.85235430e-21
1.32105890e+01;6.84646210e-21
1.32205891e+01;6.84064580e-21
1.32305892e+01;6.83480890e-21
1.32405893e+01;6.82898220e-21
1.32505894e+01;6.82317010e-21
1.32605895e+01;6.81741060e-21
1.32705897e+01;6.81163650e-21
1.32805898e+01;6.80588440e-21
1.32905899e+01;6.80013670e-21
1.33005900e+01;6.79439320e-21
1.33105901e+01;6.78865670e-21
1.33205902e+01;6.78294520e-21
1.33305904e+01;6.77723730e-21
1.33405905e+01;6.77154770e-21
1.33505906e+01;6.76584790e-21
1.33605907e+01;6.76016160e-21
1.33705908e+01;6.75449080e-21
1.33805909e+01;6.74882510e-21
1.33905910e+01;6.74318800e-21
1.34005912e+01;6.73757110e-21
1.34105913e+01;6.73193650e-21
1.34205914e+01;6.72628990e-21
1.34305915e+01;6.72069930e-21
1.34405916e+01;6.71510430e-21
1.34505917e+01;6.70951800e-21
1.34605919e+01;6.70394700e-21
1.34705920e+01;6.69839750e-21
1.34805921e+01;6.69282680e-21
1.34905922e+01;6.68730640e-21
1.35005923e+01;6.68175940e-21
1.35105925e+01;6.67623090e-21
1.35205926e+01;6.67072440e-21
1.35305927e+01;6.66522680e-21
1.35405928e+01;6.65973350e-21
1.35505929e+01;6.65426670e-21
1.35605930e+01;6.64876660e-21
1.35705932e+01;6.64331530e-21
1.35805933e+01;6.63786130e-21
1.35905934e+01;6.63242380e-21
1.36005935e+01;6.62699340e-21
1.36106072e+01;6.62156790e-21
1.36206073e+01;6.61615060e-21
1.36306074e+01;6.61075830e-21
1.36406076e+01;6.60536130e-21
1.36506077e+01;6.59999780e-21
1.36606078e+01;6.59463800e-21
1.36706079e+01;6.58927460e-21
1.36806080e+01;6.58391890e-21
1.36906081e+01;6.57856180e-21
1.37006083e+01;6.57322890e-21
1.37106084e+01;6.56791080e-21
1.37206085e+01;6.56258930e-21
1.37306086e+01;6.55730410e-21
1.37406087e+01;6.55199850e-21
1.37506089e+01;6.54671460e-21
1.37606090e+01;6.54143630e-21
1.37706091e+01;6.53619900e-21
1.37806092e+01;6.53094300e-21
1.37906093e+01;6.52569510e-21
1.38006094e+01;6.52043890e-21
1.38106095e+01;6.51522330e-21
1.38206097e+01;6.50999000e-21
1.38306098e+01;6.50478400e-21
1.38406099e+01;6.49962240e-21
1.38506100e+01;6.49443280e-21
1.38606101e+01;6.48924520e-21
1.38706102e+01;6.48468260e-21
1.38806104e+01;6.47887410e-21
1.38906105e+01;6.47376480e-21
1.39006106e+01;6.46862530e-21
1.39106107e+01;6.46349130e-21
1.39206108e+01;6.45835940e-21
1.39306109e+01;6.45322790e-21
1.39406110e+01;6.44812970e-21
1.39506112e+01;6.44308480e-21
1.39606113e+01;6.43800590e-21
1.39706114e+01;6.43285850e-21
1.39806115e+01;6.42782700e-21
1.39906116e+01;6.42274230e-21
1.40006117e+01;6.41767580e-21
1.40106119e+01;6.41266820e-21
1.40206120e+01;6.40766440e-21
1.40306257e+01;6.40256830e-21
1.40406258e+01;6.39751140e-21
1.40506259e+01;6.39255460e-21
1.40606261e+01;6.38759700e-21
1.40706262e+01;6.38259190e-21
1.40806263e+01;6.37756640e-21
1.40906264e+01;6.37274860e-21
1.41006265e+01;6.36758400e-21
1.41106266e+01;6.36273920e-21
1.41206267e+01;6.35791000e-21
1.41306269e+01;6.35261200e-21
1.41406270e+01;6.34826700e-21
1.41506271e+01;6.34420090e-21
1.41606272e+01;6.33102400e-21
1.41706273e+01;6.33424310e-21
1.41806274e+01;6.32806850e-21
1.41906276e+01;6.32323780e-21
1.42006277e+01;6.31847770e-21
1.42106278e+01;6.31345770e-21
1.42206279e+01;6.30864310e-21
1.42306280e+01;6.30380430e-21
1.42406281e+01;6.29891970e-21
1.42506283e+01;6.29412070e-21
1.42606284e+01;6.28933610e-21
1.42706285e+01;6.28457720e-21
1.42806286e+01;6.27963350e-21
1.42906287e+01;6.27478770e-21
1.43006289e+01;6.27007280e-21
1.43106290e+01;6.26532110e-21
1.43206291e+01;6.26053790e-21
1.43306292e+01;6.25586850e-21
1.43406293e+01;6.25100160e-21
1.43506294e+01;6.24620210e-21
1.43606295e+01;6.24147560e-21
1.43706297e+01;6.23674440e-21
1.43806298e+01;6.23201790e-21
1.43906299e+01;6.22725580e-21
1.44006300e+01;6.22260810e-21
1.44106301e+01;6.21784110e-21
1.44206302e+01;6.21316820e-21
1.44306304e+01;6.20849450e-21
1.44406305e+01;6.20380270e-21
1.44506442e+01;6.19912680e-21
1.44606443e+01;6.19446680e-21
1.44706444e+01;6.18978730e-21
1.44806445e+01;6.18515440e-21
1.44906447e+01;6.18046060e-21
1.45006448e+01;6.17585970e-21
1.45106449e+01;6.17122210e-21
1.45206450e+01;6.16660260e-21
1.45306451e+01;6.16198100e-21
1.45406452e+01;6.15737950e-21
1.45506454e+01;6.15277820e-21
1.45606455e+01;6.14818080e-21
1.45706456e+01;6.14362420e-21
1.45806457e+01;6.13904470e-21
1.45906458e+01;6.13447200e-21
1.46006459e+01;6.12995100e-21
1.46106461e+01;6.12536870e-21
1.46206462e+01;6.12085170e-21
1.46306463e+01;6.11632910e-21
1.46406464e+01;6.11171020e-21
1.46506465e+01;6.10740640e-21
1.46606466e+01;6.10277670e-21
1.46706467e+01;6.09826010e-21
1.46806469e+01;6.09382190e-21
1.46906470e+01;6.08931290e-21
1.47006471e+01;6.08484250e-21
1.47106472e+01;6.08035970e-21
1.47206473e+01;6.07593950e-21
1.47306474e+01;6.07143830e-21
1.47406476e+01;6.06697050e-21
1.47506477e+01;6.06289760e-21
1.47606478e+01;6.05810160e-21
1.47706479e+01;6.05374200e-21
1.47806480e+01;6.04930870e-21
1.47906482e+01;6.04487520e-21
1.48006483e+01;6.04051360e-21
1.48106484e+01;6.03613680e-21
1.48206485e+01;6.03173350e-21
1.48306486e+01;6.02736010e-21
1.48406487e+01;6.02299800e-21
1.48506489e+01;6.01866880e-21
1.48606490e+01;6.01427340e-21
1.48706627e+01;6.00995980e-21
1.48806628e+01;6.00559040e-21
1.48906629e+01;6.00128230e-21
1.49006630e+01;5.99699390e-21
1.49106631e+01;5.99266320e-21
1.49206633e+01;5.98835100e-21
1.49306634e+01;5.98408550e-21
1.49406635e+01;5.97978300e-21
1.49506636e+01;5.97549640e-21
1.49606637e+01;5.97123400e-21
1.49706638e+01;5.96697470e-21
1.49806640e+01;5.96274050e-21
1.49906641e+01;5.95848190e-21
1.50006642e+01;5.95422150e-21
1.50106643e+01;5.95000980e-21
1.50206644e+01;5.94579370e-21
1.50306645e+01;5.94157710e-21
1.50406647e+01;5.93736970e-21
1.50506648e+01;5.93317160e-21
1.50606649e+01;5.92894790e-21
1.50706650e+01;5.92476940e-21
1.50806651e+01;5.92057230e-21
1.50906652e+01;5.91638920e-21
1.51006654e+01;5.91223460e-21
1.51106655e+01;5.90807120e-21
1.51206656e+01;5.90396970e-21
1.51306657e+01;5.89979800e-21
1.51406658e+01;5.89569430e-21
1.51506659e+01;5.89154080e-21
1.51606661e+01;5.88741690e-21
1.51706662e+01;5.88331650e-21
1.51806663e+01;5.87920300e-21
1.51906664e+01;5.87511460e-21
1.52006665e+01;5.87103160e-21
1.52106666e+01;5.86695160e-21
1.52206667e+01;5.86289130e-21
1.52306669e+01;5.85881280e-21
1.52406670e+01;5.85475220e-21
1.52506671e+01;5.85072620e-21
1.52606672e+01;5.84666500e-21
1.52706673e+01;5.84273950e-21
1.52806811e+01;5.83863450e-21
1.52906812e+01;5.83454540e-21
1.53006813e+01;5.83059200e-21
1.53106814e+01;5.82655570e-21
1.53206815e+01;5.82254950e-21
1.53306816e+01;5.81857110e-21
1.53406817e+01;5.81458920e-21
1.53506819e+01;5.81061650e-21
1.53606820e+01;5.80665170e-21
1.53706821e+01;5.80269500e-21
1.53806822e+01;5.79873200e-21
1.53906823e+01;5.79472880e-21
1.54006824e+01;5.79081590e-21
1.54106826e+01;5.78689080e-21
1.54206827e+01;5.78297330e-21
1.54306828e+01;5.77906620e-21
1.54406829e+01;5.77513420e-21
1.54506830e+01;5.77122680e-21
1.54606831e+01;5.76733130e-21
1.54706833e+01;5.76342850e-21
1.54806834e+01;5.75954790e-21
1.54906835e+01;5.75569070e-21
1.55006836e+01;5.75181190e-21
1.55106837e+01;5.74795070e-21
1.55206838e+01;5.74409210e-21
1.55306840e+01;5.74024750e-21
1.55406841e+01;5.73641370e-21
1.55506842e+01;5.73257900e-21
1.55606843e+01;5.72876760e-21
1.55706844e+01;5.72491980e-21
1.55806845e+01;5.72112270e-21
1.55906847e+01;5.71731640e-21
1.56006848e+01;5.71350660e-21
1.56106849e+01;5.70971370e-21
1.56206850e+01;5.70593110e-21
1.56306851e+01;5.70214100e-21
1.56406852e+01;5.69839480e-21
1.56506854e+01;5.69462910e-21
1.56606855e+01;5.69085350e-21
1.56706856e+01;5.68714790e-21
1.56806857e+01;5.68337460e-21
1.56906858e+01;5.67962640e-21
1.57006859e+01;5.67589570e-21
1.57106997e+01;5.67217280e-21
1.57206998e+01;5.66842060e-21
1.57306999e+01;5.66472600e-21
1.57407000e+01;5.66099810e-21
1.57507001e+01;5.65733960e-21
1.57607002e+01;5.65365560e-21
1.57707004e+01;5.64995470e-21
1.57807005e+01;5.64624360e-21
1.57907006e+01;5.64259070e-21
1.58007007e+01;5.63889120e-21
1.58107008e+01;5.63530140e-21
1.58207009e+01;5.63169620e-21
1.58307011e+01;5.62802720e-21
1.58407012e+01;5.62439470e-21
1.58507013e+01;5.62070530e-21
1.58607014e+01;5.61708960e-21
1.58707015e+01;5.61336910e-21
1.58807016e+01;5.60976310e-21
1.58907017e+01;5.60611230e-21
1.59007019e+01;5.60300080e-21
1.59107020e+01;5.59921140e-21
1.59207021e+01;5.59724090e-21
1.59307022e+01;5.59265390e-21
1.59407023e+01;5.58834070e-21
1.59507024e+01;5.58493100e-21
1.59607026e+01;5.58113310e-21
1.59707027e+01;5.57754490e-21
1.59807028e+01;5.57411600e-21
1.59907029e+01;5.57057600e-21
1.60007030e+01;5.56707050e-21
1.60107032e+01;5.56355380e-21
1.60207033e+01;5.56002690e-21
1.60307034e+01;5.55658330e-21
1.60407035e+01;5.55299830e-21
1.60507036e+01;5.54955820e-21
1.60607037e+01;5.54601710e-21
1.60707039e+01;5.54253230e-21
1.60807040e+01;5.53908170e-21
1.60907041e+01;5.53564370e-21
1.61007042e+01;5.53215720e-21
1.61107043e+01;5.52868600e-21
1.61207180e+01;5.52522780e-21
1.61307181e+01;5.52178560e-21
1.61407183e+01;5.51834500e-21
1.61507184e+01;5.51492880e-21
1.61607185e+01;5.51148190e-21
1.61707186e+01;5.50807880e-21
1.61807187e+01;5.50464410e-21
1.61907188e+01;5.50127040e-21
1.62007190e+01;5.49788170e-21
1.62107191e+01;5.49447850e-21
1.62207192e+01;5.49108580e-21
1.62307193e+01;5.48772860e-21
1.62407194e+01;5.48434460e-21
1.62507195e+01;5.48097690e-21
1.62607197e+01;5.47761080e-21
1.62707198e+01;5.47426210e-21
1.62807199e+01;5.47090400e-21
1.62907200e+01;5.46756000e-21
1.63007201e+01;5.46420210e-21
1.63107202e+01;5.46091260e-21
1.63207204e+01;5.45758270e-21
1.63307205e+01;5.45427040e-21
1.63407206e+01;5.45097610e-21
1.63507207e+01;5.44762580e-21
1.63607208e+01;5.44434180e-21
1.63707209e+01;5.44105250e-21
1.63807211e+01;5.43782670e-21
1.63907212e+01;5.43458330e-21
1.64007213e+01;5.43160650e-21
1.64107214e+01;5.42838760e-21
1.64207215e+01;5.42457480e-21
1.64307216e+01;5.42142560e-21
1.64407218e+01;5.41819600e-21
1.64507219e+01;5.41495420e-21
1.64607220e+01;5.41171400e-21
1.64707221e+01;5.40852520e-21
1.64807222e+01;5.40531400e-21
1.64907223e+01;5.40207610e-21
1.65007225e+01;5.39885860e-21
1.65107226e+01;5.39567530e-21
1.65207227e+01;5.39247970e-21
1.65307228e+01;5.38924310e-21
1.65407365e+01;5.38607870e-21
1.65507366e+01;5.38290850e-21
1.65607368e+01;5.37973160e-21
1.65707369e+01;5.37656810e-21
1.65807370e+01;5.37340970e-21
1.65907371e+01;5.37026050e-21
1.66007372e+01;5.36709400e-21
1.66107373e+01;5.36396260e-21
1.66207375e+01;5.36083780e-21
1.66307376e+01;5.35774130e-21
1.66407377e+01;5.35457750e-21
1.66507378e+01;5.35146050e-21
1.66607379e+01;5.34837170e-21
1.66707380e+01;5.34526160e-21
1.66807381e+01;5.34215880e-21
1.66907383e+01;5.33906420e-21
1.67007384e+01;5.33598860e-21
1.67107385e+01;5.33246360e-21
1.67207386e+01;5.32987910e-21
1.67307387e+01;5.32677100e-21
1.67407388e+01;5.32370380e-21
1.67507390e+01;5.32065940e-21
1.67607391e+01;5.31760900e-21
1.67707392e+01;5.31455740e-21
1.67807393e+01;5.31151150e-21
1.67907394e+01;5.30848960e-21
1.68007395e+01;5.30546640e-21
1.68107397e+01;5.30242800e-21
1.68207398e+01;5.29941550e-21
1.68307399e+01;5.29642040e-21
1.68407400e+01;5.29342090e-21
1.68507401e+01;5.29043220e-21
1.68607402e+01;5.28743710e-21
1.68707404e+01;5.28445800e-21
1.68807405e+01;5.28146380e-21
1.68907406e+01;5.27848840e-21
1.69007407e+01;5.27552380e-21
1.69107408e+01;5.27255170e-21
1.69207409e+01;5.26960150e-21
1.69307411e+01;5.26666380e-21
1.69407412e+01;5.26369960e-21
1.69507413e+01;5.26077240e-21
1.69607550e+01;5.25783240e-21
1.69707551e+01;5.25490210e-21
1.69807552e+01;5.25198860e-21
1.69907554e+01;5.24906620e-21
1.70007555e+01;5.24616020e-21
1.70107556e+01;5.24325420e-21
1.70207557e+01;5.24034750e-21
1.70307558e+01;5.23746250e-21
1.70407559e+01;5.23456420e-21
1.70507561e+01;5.23169990e-21
1.70607562e+01;5.22882680e-21
1.70707563e+01;5.22594410e-21
1.70807564e+01;5.22308070e-21
1.70907565e+01;5.22021350e-21
1.71007566e+01;5.21738000e-21
1.71107568e+01;5.21453060e-21
1.71207569e+01;5.21174160e-21
1.71307570e+01;5.20884510e-21
1.71407571e+01;5.20600610e-21
1.71507572e+01;5.20317270e-21
1.71607573e+01;5.20035400e-21
1.71707574e+01;5.19753090e-21
1.71807576e+01;5.19474650e-21
1.71907577e+01;5.19191230e-21
1.72007578e+01;5.18911550e-21
1.72107579e+01;5.18631880e-21
1.72207580e+01;5.18353070e-21
1.72307581e+01;5.18075370e-21
1.72407583e+01;5.17797620e-21
1.72507584e+01;5.17519730e-21
1.72607585e+01;5.17242410e-21
1.72707586e+01;5.16967050e-21
1.72807587e+01;5.16690730e-21
1.72907588e+01;5.16414880e-21
1.73007590e+01;5.16141330e-21
1.73107591e+01;5.15867810e-21
1.73207592e+01;5.15594960e-21
1.73307593e+01;5.15320590e-21
1.73407594e+01;5.15044200e-21
1.73507595e+01;5.14775950e-21
1.73607597e+01;5.14503490e-21
1.73707598e+01;5.14232640e-21
1.73807735e+01;5.13962780e-21
1.73907736e+01;5.13692650e-21
1.74007737e+01;5.13423340e-21
1.74107739e+01;5.13153880e-21
1.74207740e+01;5.12885580e-21
1.74307741e+01;5.12617650e-21
1.74407742e+01;5.12349270e-21
1.74507743e+01;5.12083080e-21
1.74607744e+01;5.11817820e-21
1.74707746e+01;5.11550740e-21
1.74807747e+01;5.11285110e-21
1.74907748e+01;5.11020610e-21
1.75007749e+01;5.10756300e-21
1.75107750e+01;5.10493310e-21
1.75207751e+01;5.10230100e-21
1.75307752e+01;5.09967230e-21
1.75407754e+01;5.09704410e-21
1.75507755e+01;5.09443090e-21
1.75607756e+01;5.09181020e-21
1.75707757e+01;5.08921060e-21
1.75807758e+01;5.08660570e-21
1.75907759e+01;5.08401140e-21
1.76007761e+01;5.08140890e-21
1.76107762e+01;5.07882410e-21
1.76207763e+01;5.07624790e-21
1.76307764e+01;5.07365690e-21
1.76407765e+01;5.07109900e-21
1.76507766e+01;5.06851530e-21
1.76607768e+01;5.06596580e-21
1.76707769e+01;5.06340780e-21
1.76807770e+01;5.06083870e-21
1.76907771e+01;5.05831190e-21
1.77007772e+01;5.05579060e-21
1.77107773e+01;5.05323770e-21
1.77207774e+01;5.05067900e-21
1.77307776e+01;5.04814450e-21
1.77407777e+01;5.04564310e-21
1.77507778e+01;5.04314240e-21
1.77607779e+01;5.04081160e-21
1.77707780e+01;5.03755260e-21
1.77807781e+01;5.03553650e-21
1.77907919e+01;5.03305310e-21
1.78007920e+01;5.03056430e-21
1.78107921e+01;5.02807940e-21
1.78207922e+01;5.02564910e-21
1.78307923e+01;5.02309150e-21
1.78407924e+01;5.02067010e-21
1.78507926e+01;5.01819400e-21
1.78607927e+01;5.01571500e-21
1.78707928e+01;5.01324490e-21
1.78807929e+01;5.01082020e-21
1.78907930e+01;5.00836330e-21
1.79007931e+01;5.00591180e-21
1.79107933e+01;5.00345970e-21
1.79207934e+01;5.00103450e-21
1.79307935e+01;4.99860630e-21
1.79407936e+01;4.99617840e-21
1.79507937e+01;4.99374820e-21
1.79607939e+01;4.99132680e-21
1.79707940e+01;4.98891130e-21
1.79807941e+01;4.98650270e-21
1.79907942e+01;4.98410370e-21
1.80007943e+01;4.98170540e-21
1.80107944e+01;4.97930750e-21
1.80207946e+01;4.97693200e-21
1.80307947e+01;4.97452920e-21
1.80407948e+01;4.97214500e-21
1.80507949e+01;4.96977670e-21
1.80607950e+01;4.96740530e-21
1.80707951e+01;4.96503500e-21
1.80807952e+01;4.96266840e-21
1.80907954e+01;4.96024640e-21
1.81007955e+01;4.95796300e-21
1.81107956e+01;4.95561690e-21
1.81207957e+01;4.95327370e-21
1.81307958e+01;4.95092180e-21
1.81407959e+01;4.94858220e-21
1.81507961e+01;4.94625360e-21
1.81607962e+01;4.94393740e-21
1.81707963e+01;4.94160940e-21
1.81807964e+01;4.93928150e-21
1.81907965e+01;4.93697940e-21
1.82007966e+01;4.93467780e-21
1.82107968e+01;4.93236050e-21
1.82208105e+01;4.93006420e-21
1.82308106e+01;4.92776740e-21
1.82408107e+01;4.92548370e-21
1.82508108e+01;4.92310730e-21
1.82608109e+01;4.92090780e-21
1.82708111e+01;4.91863630e-21
1.82808112e+01;4.91634900e-21
1.82908113e+01;4.91407680e-21
1.83008114e+01;4.91181610e-21
1.83108115e+01;4.90952790e-21
1.83208116e+01;4.90740690e-21
1.83308118e+01;4.90523900e-21
1.83408119e+01;4.90272340e-21
1.83508120e+01;4.90057020e-21
1.83608121e+01;4.89834850e-21
1.83708122e+01;4.89608430e-21
1.83808123e+01;4.89387280e-21
1.83908124e+01;4.89159040e-21
1.84008126e+01;4.88941660e-21
1.84108127e+01;4.88723100e-21
1.84208128e+01;4.88501000e-21
1.84308129e+01;4.88280470e-21
1.84408130e+01;4.88054140e-21
1.84508131e+01;4.87836590e-21
1.84608133e+01;4.87614810e-21
1.84708134e+01;4.87396590e-21
1.84808135e+01;4.87177620e-21
1.84908136e+01;4.86958520e-21
1.85008137e+01;4.86740290e-21
1.85108139e+01;4.86522500e-21
1.85208140e+01;4.86306250e-21
1.85308141e+01;4.86088860e-21
1.85408142e+01;4.85873010e-21
1.85508143e+01;4.85657060e-21
1.85608144e+01;4.85441410e-21
1.85708146e+01;4.85224390e-21
1.85808147e+01;4.85011250e-21
1.85908148e+01;4.84796200e-21
1.86008149e+01;4.84582990e-21
1.86108150e+01;4.84368790e-21
1.86208151e+01;4.84156320e-21
1.86308152e+01;4.83941020e-21
1.86408290e+01;4.83726550e-21
1.86508291e+01;4.83517800e-21
1.86608292e+01;4.83305100e-21
1.86708293e+01;4.83095270e-21
1.86808294e+01;4.82882450e-21
1.86908296e+01;4.82672590e-21
1.87008297e+01;4.82463450e-21
1.87108298e+01;4.82251780e-21
1.87208299e+01;4.82044830e-21
1.87308300e+01;4.81835210e-21
1.87408301e+01;4.81626670e-21
1.87508302e+01;4.81420530e-21
1.87608304e+01;4.81209900e-21
1.87708305e+01;4.81001040e-21
1.87808306e+01;4.80794750e-21
1.87908307e+01;4.80587770e-21
1.88008308e+01;4.80382420e-21
1.88108309e+01;4.80175290e-21
1.88208311e+01;4.79968600e-21
1.88308312e+01;4.79764440e-21
1.88408313e+01;4.79559030e-21
1.88508314e+01;4.79354380e-21
1.88608315e+01;4.79149090e-21
1.88708316e+01;4.78945510e-21
1.88808318e+01;4.78745290e-21
1.88908319e+01;4.78541080e-21
1.89008320e+01;4.78336890e-21
1.89108321e+01;4.78132270e-21
1.89208322e+01;4.77934100e-21
1.89308323e+01;4.77725410e-21
1.89408324e+01;4.77558000e-21
1.89508326e+01;4.77323540e-21
1.89608327e+01;4.77120420e-21
1.89708328e+01;4.76930070e-21
1.89808329e+01;4.76731010e-21
1.89908330e+01;4.76527240e-21
1.90008331e+01;4.76329280e-21
1.90108333e+01;4.76130270e-21
1.90208334e+01;4.75933150e-21
1.90308335e+01;4.75732280e-21
1.90408336e+01;4.75534620e-21
1.90508473e+01;4.75339120e-21
1.90608475e+01;4.75140010e-21
1.90708476e+01;4.74943250e-21
1.90808477e+01;4.74748020e-21
1.90908478e+01;4.74550370e-21
1.91008479e+01;4.74353010e-21
1.91108480e+01;4.74160380e-21
1.91208482e+01;4.73965280e-21
1.91308483e+01;4.73770740e-21
1.91408484e+01;4.73576090e-21
1.91508485e+01;4.73381020e-21
1.91608486e+01;4.73193880e-21
1.91708487e+01;4.72993800e-21
1.91808489e+01;4.72791570e-21
1.91908490e+01;4.72607460e-21
1.92008491e+01;4.72415980e-21
1.92108492e+01;4.72224440e-21
1.92208493e+01;4.72032460e-21
1.92308494e+01;4.71839600e-21
1.92408496e+01;4.71647800e-21
1.92508497e+01;4.71455660e-21
1.92608498e+01;4.71266690e-21
1.92708499e+01;4.71076670e-21
1.92808500e+01;4.70887020e-21
1.92908501e+01;4.70696750e-21
1.93008502e+01;4.70507970e-21
1.93108504e+01;4.70318230e-21
1.93208505e+01;4.70130000e-21
1.93308506e+01;4.69941500e-21
1.93408507e+01;4.69754420e-21
1.93508508e+01;4.69566030e-21
1.93608509e+01;4.69378500e-21
1.93708511e+01;4.69191530e-21
1.93808512e+01;4.69003900e-21
1.93908513e+01;4.68818240e-21
1.94008514e+01;4.68631680e-21
1.94108515e+01;4.68445440e-21
1.94208516e+01;4.68260320e-21
1.94308518e+01;4.68075710e-21
1.94408519e+01;4.67890760e-21
1.94508520e+01;4.67811250e-21
1.94608521e+01;4.67522210e-21
1.94708658e+01;4.67336280e-21
1.94808659e+01;4.67150600e-21
1.94908661e+01;4.66970110e-21
1.95008662e+01;4.66786450e-21
1.95108663e+01;4.66599410e-21
1.95208664e+01;4.66420430e-21
1.95308665e+01;4.66238210e-21
1.95408666e+01;4.66055470e-21
1.95508668e+01;4.65874010e-21
1.95608669e+01;4.65691830e-21
1.95708670e+01;4.65511840e-21
1.95808671e+01;4.65331330e-21
1.95908672e+01;4.65150240e-21
1.96008673e+01;4.64970530e-21
1.96108675e+01;4.64787260e-21
1.96208676e+01;4.64604310e-21
1.96308677e+01;4.64430610e-21
1.96408678e+01;4.64250120e-21
1.96508679e+01;4.64073390e-21
1.96608680e+01;4.63893150e-21
1.96708682e+01;4.63714910e-21
1.96808683e+01;4.63535890e-21
1.96908684e+01;4.63360030e-21
1.97008685e+01;4.63180260e-21
1.97108686e+01;4.63003450e-21
1.97208687e+01;4.62826920e-21
1.97308689e+01;4.62648540e-21
1.97408690e+01;4.62510520e-21
1.97508691e+01;4.62306250e-21
1.97608692e+01;4.62122020e-21
1.97708693e+01;4.61948690e-21
1.97808694e+01;4.61773010e-21
1.97908696e+01;4.61596430e-21
1.98008697e+01;4.61420750e-21
1.98108698e+01;4.61245500e-21
1.98208699e+01;4.61073820e-21
1.98308700e+01;4.60899120e-21
1.98408701e+01;4.60731980e-21
1.98508702e+01;4.60552710e-21
1.98608704e+01;4.60380310e-21
1.98708705e+01;4.60204990e-21
1.98808706e+01;4.60032260e-21
1.98908843e+01;4.59858740e-21
1.99008844e+01;4.59686960e-21
1.99108845e+01;4.59515300e-21
1.99208847e+01;4.59343360e-21
1.99308848e+01;4.59171190e-21
1.99408849e+01;4.59000460e-21
1.99508850e+01;4.58829550e-21
1.99608851e+01;4.58658060e-21
1.99708852e+01;4.58487680e-21
1.99808854e+01;4.58317360e-21
1.99908855e+01;4.58148390e-21
2.00008856e+01;4.57978100e-21
2.02008879e+01;4.54630770e-21
2.04009038e+01;4.51370970e-21
2.06009062e+01;4.48186390e-21
2.08009221e+01;4.45073080e-21
2.10009244e+01;4.42013190e-21
2.12009404e+01;4.39002200e-21
2.14009427e+01;4.36038480e-21
2.16009586e+01;4.33097490e-21
2.18009609e+01;4.30187020e-21
2.20009769e+01;4.27294650e-21
2.22009792e+01;4.24408850e-21
2.24009951e+01;4.21523320e-21
2.26009975e+01;4.18631810e-21
2.28009998e+01;4.15724550e-21
2.30010157e+01;4.12793160e-21
2.32010180e+01;4.09838230e-21
2.34010340e+01;4.06849160e-21
2.36010363e+01;4.03818940e-21
2.38010522e+01;4.00734600e-21
2.40010545e+01;3.97622090e-21
2.42010705e+01;3.94444620e-21
2.44010728e+01;3.91197260e-21
2.46010887e+01;3.87925080e-21
2.48010911e+01;3.84570550e-21
2.50011070e+01;3.81008870e-21
2.52011093e+01;3.77671340e-21
2.54011252e+01;3.74123050e-21
2.56011276e+01;3.70509460e-21
2.58011435e+01;3.66833340e-21
2.60011458e+01;3.63093620e-21
2.62011618e+01;3.59291830e-21
2.64011641e+01;3.55436150e-21
2.66011800e+01;3.51524950e-21
2.68011823e+01;3.47562970e-21
2.70011983e+01;3.43554600e-21
2.72012006e+01;3.39505920e-21
2.74012029e+01;3.35455050e-21
2.76012188e+01;3.31317420e-21
2.78012212e+01;3.27188330e-21
2.80012371e+01;3.23043060e-21
2.82012394e+01;3.18895460e-21
2.84012554e+01;3.14747870e-21
2.86012577e+01;3.10610560e-21
2.88012736e+01;3.06491480e-21
2.90012760e+01;3.02398420e-21
2.92012919e+01;2.98340020e-21
2.94012942e+01;2.94319930e-21
2.96013101e+01;2.90350850e-21
2.98013125e+01;2.86432740e-21
3.00013284e+01;2.82584480e-21
3.02013307e+01;2.78800160e-21
3.04013467e+01;2.75090330e-21
3.06013490e+01;2.71457810e-21
3.08013649e+01;2.67916660e-21
3.10013672e+01;2.64449090e-21
3.12013832e+01;2.61073410e-21
3.14013855e+01;2.57787980e-21
3.16013878e+01;2.54600390e-21
3.18014037e+01;2.51500110e-21
3.20014061e+01;2.48490660e-21
3.22014220e+01;2.45579580e-21
3.24014243e+01;2.42755890e-21
3.26014403e+01;2.40022520e-21
3.28014426e+01;2.37377360e-21
3.30014585e+01;2.34817110e-21
3.32014608e+01;2.32341030e-21
3.34014768e+01;2.29945610e-21
3.36014791e+01;2.27626490e-21
3.38014950e+01;2.25383150e-21
3.40014974e+01;2.23211190e-21
3.42015133e+01;2.21107260e-21
3.44015156e+01;2.19068500e-21
3.46015315e+01;2.17091970e-21
3.48015339e+01;2.15173710e-21
3.50015498e+01;2.13312490e-21
3.52015521e+01;2.11503690e-21
3.54015681e+01;2.09745160e-21
3.56015704e+01;2.08034640e-21
3.58015863e+01;2.06368700e-21
3.60015886e+01;2.04745890e-21
3.62015910e+01;2.03162840e-21
3.64016069e+01;2.01618440e-21
3.66016092e+01;2.00110410e-21
3.68016251e+01;1.98636200e-21
3.70016275e+01;1.97194620e-21
3.72016434e+01;1.95783680e-21
3.74016457e+01;1.94402280e-21
3.76016616e+01;1.93047970e-21
3.78016640e+01;1.91720330e-21
3.80016799e+01;1.90418270e-21
3.82016822e+01;1.89139020e-21
3.84016982e+01;1.87882640e-21
3.86017005e+01;1.86648680e-21
3.88017164e+01;1.85434680e-21
3.90017187e+01;1.84241330e-21
3.92017347e+01;1.83066660e-21
3.94017370e+01;1.81910860e-21
3.96017529e+01;1.80772320e-21
3.98017553e+01;1.79651260e-21
4.00017712e+01;1.78546240e-21
4.02017735e+01;1.77457280e-21
4.04017894e+01;1.76383680e-21
4.06017918e+01;1.75324670e-21
4.08017941e+01;1.74280190e-21
4.10018100e+01;1.73249120e-21
4.12018123e+01;1.72231480e-21
4.14018283e+01;1.71227480e-21
4.16018306e+01;1.70236040e-21
4.18018465e+01;1.69256900e-21
4.20018489e+01;1.68289750e-21
4.22018648e+01;1.67334430e-21
4.24018671e+01;1.66390520e-21
4.26018830e+01;1.65457680e-21
4.28018854e+01;1.64535900e-21
4.30019013e+01;1.63624830e-21
4.32019036e+01;1.62724470e-21
4.34019196e+01;1.61833740e-21
4.36019219e+01;1.60953550e-21
4.38019378e+01;1.60082790e-21
4.40019401e+01;1.59221830e-21
4.42019561e+01;1.58370310e-21
4.44019584e+01;1.57527900e-21
4.46019743e+01;1.56694460e-21
4.48019767e+01;1.55870060e-21
4.50019926e+01;1.55054170e-21
4.52019949e+01;1.54246980e-21
4.54019972e+01;1.53448120e-21
4.56020132e+01;1.52657590e-21
4.58020155e+01;1.51874970e-21
4.60020314e+01;1.51100430e-21
4.62020337e+01;1.50333820e-21
4.64020497e+01;1.49574700e-21
4.66020520e+01;1.48823340e-21
4.68020679e+01;1.48079460e-21
4.70020703e+01;1.47342850e-21
4.72020862e+01;1.46613350e-21
4.74020885e+01;1.45891110e-21
4.76021044e+01;1.45175900e-21
4.78021068e+01;1.44467460e-21
4.80021227e+01;1.43765970e-21
4.82021250e+01;1.43071020e-21
4.84021410e+01;1.42382700e-21
4.86021433e+01;1.41700710e-21
4.88021592e+01;1.41025300e-21
4.90021615e+01;1.40356070e-21
4.92021775e+01;1.39693130e-21
4.94021798e+01;1.39779680e-21
4.96021821e+01;1.39128120e-21
4.98021981e+01;1.38482850e-21
5.00022004e+01;1.37843370e-21
5.02022163e+01;1.37209670e-21
5.04022186e+01;1.36581900e-21
5.06022346e+01;1.35959800e-21
5.08022369e+01;1.35343160e-21
5.10022528e+01;1.34732140e-21
5.12022551e+01;1.34126410e-21
5.14022711e+01;1.33526100e-21
5.16022734e+01;1.32931130e-21
5.18022893e+01;1.32341130e-21
5.20022917e+01;1.31756490e-21
5.22023076e+01;1.31176790e-21
5.24023099e+01;1.30601940e-21
5.26023258e+01;1.30031990e-21
5.28023282e+01;1.29467120e-21
5.30023441e+01;1.28906740e-21
5.32023464e+01;1.28351230e-21
5.34023624e+01;1.27800280e-21
5.36023647e+01;1.27254030e-21
5.38023806e+01;1.26712240e-21
5.40023829e+01;1.26175110e-21
5.42023853e+01;1.25642320e-21
5.44024012e+01;1.25114120e-21
5.46024035e+01;1.24590330e-21
5.48024195e+01;1.24070500e-21
5.50024218e+01;1.23555240e-21
5.52024377e+01;1.23044370e-21
5.54024400e+01;1.22537570e-21
5.56024560e+01;1.22034850e-21
5.58024583e+01;1.21536400e-21
5.60024742e+01;1.21041960e-21
5.62024766e+01;1.20551540e-21
5.64024925e+01;1.20065040e-21
5.66024948e+01;1.19582290e-21
5.68025107e+01;1.19103600e-21
5.70025131e+01;1.18628680e-21
5.72025290e+01;1.18157430e-21
5.74025313e+01;1.17690040e-21
5.76025472e+01;1.17226060e-21
5.78025496e+01;1.16765890e-21
5.80025655e+01;1.16309150e-21
5.82025678e+01;1.15856060e-21
5.84025838e+01;1.15406420e-21
5.86025861e+01;1.14960320e-21
5.88025884e+01;1.14517570e-21
5.90026043e+01;1.14078190e-21
5.92026067e+01;1.13642160e-21
5.94026226e+01;1.13209500e-21
5.96026249e+01;1.12780150e-21
5.98026409e+01;1.12354110e-21
6.00026432e+01;1.11931310e-21
6.02026591e+01;1.11511620e-21
6.04026614e+01;1.11095240e-21
6.06026774e+01;1.10682010e-21
6.08026797e+01;1.10271880e-21
6.10026956e+01;1.09864780e-21
6.12026979e+01;1.09460910e-21
6.14027139e+01;1.09059890e-21
6.16027162e+01;1.08662020e-21
6.18027321e+01;1.08267090e-21
6.20027345e+01;1.07875050e-21
6.22027504e+01;1.07485940e-21
6.24027527e+01;1.07099650e-21
6.26027686e+01;1.06716230e-21
6.28027710e+01;1.06335610e-21
6.30027733e+01;1.05957850e-21
6.32027892e+01;1.05582650e-21
6.34027916e+01;1.05210240e-21
6.36028075e+01;1.04840480e-21
6.38028098e+01;1.04473470e-21
6.40028257e+01;1.04109050e-21
6.42028281e+01;1.03747160e-21
6.44028440e+01;1.03387990e-21
6.46028463e+01;1.03031270e-21
6.48028623e+01;1.02677190e-21
6.50028646e+01;1.02325430e-21
6.52028805e+01;1.01976320e-21
6.54028828e+01;1.01629770e-21
6.56028988e+01;1.01285530e-21
6.58029011e+01;1.00943730e-21
6.60029170e+01;1.00604400e-21
6.62029193e+01;1.00267470e-21
6.64029353e+01;9.99329370e-22
6.66029376e+01;9.96006350e-22
6.68029535e+01;9.92707760e-22
6.70029559e+01;9.89432520e-22
6.72029718e+01;9.86180210e-22
6.74029741e+01;9.82949940e-22
6.76029764e+01;9.79742680e-22
6.78029924e+01;9.76557400e-22
6.80029947e+01;9.73394190e-22
6.82030106e+01;9.70251960e-22
6.84030130e+01;9.67132200e-22
6.86030289e+01;9.64033140e-22
6.88030312e+01;9.60955160e-22
6.90030471e+01;9.57898390e-22
6.92030495e+01;9.54861600e-22
6.94030654e+01;9.51845440e-22
6.96030677e+01;9.48850500e-22
6.98030837e+01;9.45874340e-22
7.00030860e+01;9.42919680e-22
7.02031019e+01;9.39982920e-22
7.04031042e+01;9.37067360e-22
7.06031202e+01;9.34170290e-22
7.08031225e+01;9.31291980e-22
7.10031384e+01;9.28433700e-22
7.12031407e+01;9.25593970e-22
7.14031567e+01;9.22773070e-22
7.16031590e+01;9.19971290e-22
7.18031749e+01;9.17187520e-22
7.20031772e+01;9.14422550e-22
7.22031796e+01;9.11676420e-22
7.24031955e+01;9.08946990e-22
7.26031978e+01;9.06236720e-22
7.28032138e+01;9.03544090e-22
7.30032161e+01;9.00868390e-22
7.32032320e+01;8.98210740e-22
7.34032344e+01;8.95570320e-22
7.36032503e+01;8.92946960e-22
7.38032526e+01;8.90340700e-22
7.40032685e+01;8.87751320e-22
7.42032709e+01;8.85178160e-22
7.44032868e+01;8.82622040e-22
7.46032891e+01;8.80081840e-22
7.48033051e+01;8.77557510e-22
7.50033074e+01;8.75049630e-22
7.52033233e+01;8.72556840e-22
7.54033256e+01;8.70080650e-22
7.56033416e+01;8.67619650e-22
7.58033439e+01;8.65173780e-22
7.60033598e+01;8.62743180e-22
7.62033621e+01;8.60328320e-22
7.64033781e+01;8.57928030e-22
7.66033804e+01;8.55543080e-22
7.68033827e+01;8.53172300e-22
7.70033986e+01;8.50817190e-22
7.72034010e+01;8.48476170e-22
7.74034169e+01;8.46149540e-22
7.76034192e+01;8.43838020e-22
7.78034352e+01;8.41540550e-22
7.80034375e+01;8.39257340e-22
7.82034534e+01;8.36988110e-22
7.84034557e+01;8.34732330e-22
7.86034717e+01;8.32491340e-22
7.88034740e+01;8.30263700e-22
7.90034899e+01;8.28049800e-22
7.92034923e+01;8.25849350e-22
7.94035082e+01;8.23661870e-22
7.96035105e+01;8.21488350e-22
7.98035264e+01;8.19327830e-22
8.00035288e+01;8.17180460e-22
8.02035447e+01;8.15045150e-22
8.04035470e+01;8.12922730e-22
8.06035630e+01;8.10813670e-22
8.08035653e+01;8.08717230e-22
8.10035676e+01;8.06632580e-22
8.12035835e+01;8.04559980e-22
8.14035859e+01;8.02499790e-22
8.16036018e+01;8.00451440e-22
8.18036041e+01;7.98415510e-22
8.20036200e+01;7.96391200e-22
8.22036224e+01;7.94379710e-22
8.24036383e+01;7.92378880e-22
8.26036406e+01;7.90389600e-22
8.28036566e+01;7.88412720e-22
8.30036589e+01;7.86446630e-22
8.32036748e+01;7.84492190e-22
8.34036771e+01;7.82548800e-22
8.36036931e+01;7.80617080e-22
8.38036954e+01;7.78696930e-22
8.40037113e+01;7.76787220e-22
8.42037137e+01;7.74888550e-22
8.44037296e+01;7.73000680e-22
8.46037319e+01;7.71123690e-22
8.48037478e+01;7.69257900e-22
8.50037502e+01;7.67402460e-22
8.52037661e+01;7.65556800e-22
8.54037684e+01;7.63723030e-22
8.56037707e+01;7.61898870e-22
8.58037867e+01;7.60084940e-22
8.60037890e+01;7.58281460e-22
8.62038049e+01;7.56487640e-22
8.64038073e+01;7.54704530e-22
8.66038232e+01;7.52930440e-22
8.68038255e+01;7.51167130e-22
8.70038414e+01;7.49412180e-22
8.72038438e+01;7.47668010e-22
8.74038597e+01;7.45933650e-22
8.76038620e+01;7.44207500e-22
8.78038780e+01;7.42491630e-22
8.80038803e+01;7.40784890e-22
8.82038962e+01;7.39087230e-22
8.84038985e+01;7.37398930e-22
8.86039145e+01;7.35719960e-22
8.88039168e+01;7.34049910e-22
8.90039327e+01;7.32388540e-22
8.92039350e+01;7.30736800e-22
8.94039510e+01;7.29093720e-22
8.96039533e+01;7.27459520e-22
8.98039692e+01;7.25834090e-22
9.00039716e+01;7.24217320e-22
9.02039739e+01;7.22609480e-22
9.04039898e+01;7.21010330e-22
9.06039921e+01;7.19418710e-22
9.08040081e+01;7.17836340e-22
9.10040104e+01;7.16261750e-22
9.12040263e+01;7.14696000e-22
9.14040287e+01;7.13138910e-22
9.16040446e+01;7.11588810e-22
9.18040469e+01;7.10048270e-22
9.20040628e+01;7.08514450e-22
9.22040652e+01;7.06989340e-22
9.24040811e+01;7.05472580e-22
9.26040834e+01;7.03962950e-22
9.28040994e+01;7.02460600e-22
9.30041017e+01;7.00966580e-22
9.32041176e+01;6.99480320e-22
9.34041199e+01;6.98001290e-22
9.36041359e+01;6.96530180e-22
9.38041382e+01;6.95066500e-22
9.40041541e+01;6.93609640e-22
9.42041564e+01;6.92160560e-22
9.44041724e+01;6.90718570e-22
9.46041747e+01;6.89284320e-22
9.48041770e+01;6.87856630e-22
9.50041930e+01;6.86436210e-22
9.52041953e+01;6.85023330e-22
9.54042112e+01;6.83616780e-22
9.56042135e+01;6.82218120e-22
9.58042295e+01;6.80825430e-22
9.60042318e+01;6.79440630e-22
9.62042477e+01;6.78061610e-22
9.64042501e+01;6.76690150e-22
9.66042660e+01;6.75325390e-22
9.68042683e+01;6.73967380e-22
9.70042842e+01;6.72616240e-22
9.72042866e+01;6.71271550e-22
9.74043025e+01;6.69932750e-22
9.76043048e+01;6.68601800e-22
9.78043208e+01;6.67275800e-22
9.80043231e+01;6.65957080e-22
9.82043390e+01;6.64644880e-22
9.84043413e+01;6.63338480e-22
9.86043573e+01;6.62038650e-22
9.88043596e+01;6.60745840e-22
9.90043619e+01;6.59457830e-22
9.92043779e+01;6.58176730e-22
9.94043802e+01;6.56901180e-22
9.96043961e+01;6.55632140e-22
9.98043984e+01;6.54368480e-22
1.00004414e+02;6.53111460e-22
