1.000000000000000021e-03;1.545888945748065678e-18
1.071891319205127554e-03;1.541177779247710444e-18
1.148951000187308554e-03;1.536466612747355403e-18
1.231550603292826162e-03;1.531755446247000361e-18
1.320088400831418048e-03;1.527044279746645127e-18
1.414991297434575876e-03;1.522333113246290278e-18
1.516716888470922469e-03;1.517621946745935044e-18
1.625755666443793376e-03;1.512910780245579810e-18
1.742633386009650835e-03;1.508199613745224576e-18
1.867913599020782755e-03;1.503488447244869727e-18
2.002200371815584384e-03;1.498777280744514493e-18
2.146141197858403554e-03;1.494066114244159644e-18
2.300430119772916854e-03;1.489354947743804795e-18
2.465811075822603882e-03;1.484643781243449561e-18
2.643081486974105387e-03;1.479932614743094327e-18
2.833096101839324091e-03;1.475221448242739092e-18
3.036771118035457451e-03;1.470510281742383858e-18
3.255088599835056357e-03;1.465799115242029009e-18
3.489101213406773684e-03;1.461087948741673775e-18
3.739937302478797687e-03;1.456376782241318541e-18
4.008806328898464194e-03;1.451665615740963692e-18
4.297004704320839599e-03;1.446954449240608458e-18
4.605922041145103958e-03;1.442243282740253609e-18
4.937047852839003374e-03;1.437532116239898375e-18
5.291978735958441891e-03;1.432820949739543141e-18
5.672426068491977225e-03;1.428109783239188292e-18
6.080224261649421272e-03;1.423398616738833058e-18
6.517339604882419792e-03;1.418687450238478209e-18
6.985879746785249485e-03;1.413976283738122975e-18
7.488103857590022727e-03;1.409265117237767933e-18
8.026433522257174491e-03;1.404553950737412892e-18
8.603464416684501043e-03;1.399842784237057850e-18
9.221978823334321326e-03;1.395131617736702424e-18
9.884959046625585791e-03;1.390420451236347575e-18
1.059560179277615859e-02;1.385709284735992533e-18
1.135733358343105071e-02;1.380998118235637492e-18
1.217382727739661427e-02;1.376286951735282258e-18
1.304901978014402254e-02;1.371575785234927216e-18
1.398713102647237971e-02;1.366864618734572367e-18
1.499268432786045671e-02;1.362153452234216748e-18
1.607052818261638441e-02;1.357442285733861899e-18
1.722585965398786695e-02;1.352731119233507050e-18
1.846424942895543569e-02;1.348019952733151623e-18
1.979166867853556291e-02;1.343308786232796774e-18
2.121451784910629787e-02;1.338597619732441540e-18
2.273965752357927361e-02;1.333886453232086306e-18
2.437444150122220626e-02;1.329175286731731264e-18
2.612675225563327805e-02;1.324464120231376223e-18
2.800503894183630979e-02;1.319752953731020796e-18
3.001835813575589110e-02;1.315041787230665947e-18
3.217641750250735400e-02;1.310330620730311098e-18
3.448962260405757929e-02;1.305619454229955864e-18
3.696912707195026265e-02;1.300908287729600630e-18
3.962688638701478139e-02;1.296197121229245589e-18
4.247571552536898165e-02;1.291485954728890547e-18
4.552935074866947679e-02;1.286774788228535313e-18
4.880251583654431069e-02;1.282063621728180271e-18
5.231099308056260527e-02;1.277352455227825423e-18
5.607169938205457810e-02;1.272641288727470188e-18
6.010276782070381879e-02;1.267930122227115147e-18
6.442363508721370147e-02;1.263218955726760105e-18
6.905513520162327723e-02;1.258507789226405064e-18
7.401959996915641327e-02;1.253796622726049637e-18
7.934096665797492343e-02;1.249085456225694788e-18
8.504489341802677627e-02;1.244374289725339747e-18
9.115888299750818380e-02;1.239663123224984513e-18
9.771241535346496254e-02;1.234951956724629664e-18
1.047370897959449682e-01;1.230240790224274430e-18
1.122667773510813566e-01;1.225529623723919195e-18
1.203377840777589275e-01;1.220818457223564154e-18
1.289890261253308079e-01;1.216107290723209112e-18
1.382622173764654905e-01;1.211396124222854263e-18
1.482020705798858529e-01;1.206684957722498837e-18
1.588565129428052836e-01;1.201973791222143988e-18
1.702769172225899463e-01;1.197262624721788754e-18
1.825183494319042588e-01;1.192551458221433905e-18
1.956398343517062877e-01;1.187840291721078478e-18
2.097046401323232889e-01;1.183129125220723629e-18
2.247805833548725263e-01;1.178417958720368588e-18
2.409403560239524456e-01;1.173706792220013161e-18
2.582618760682675041e-01;1.168995625719658312e-18
2.768286630392063907e-01;1.164284459219303078e-18
2.967302408188869367e-01;1.159573292718948036e-18
3.180625692794118997e-01;1.154862126218592802e-18
3.409285069746810781e-01;1.150150959718237953e-18
3.654383070957254454e-01;1.145439793217882719e-18
3.917101490809256625e-01;1.140728626717527485e-18
4.198707084443910054e-01;1.136017460217172636e-18
4.500557675700497251e-01;1.131306293716817402e-18
4.824108704165368522e-01;1.126595127216462360e-18
5.170920242896754893e-01;1.121883960716107511e-18
5.542664520663102001e-01;1.117172794215752277e-18
5.941133984965033532e-01;1.112461627715397236e-18
6.368249944718585853e-01;1.107750461215042002e-18
6.826071834272385841e-01;1.103039294714686960e-18
7.316807143427191962e-01;1.098328128214331726e-18
7.842822061337682005e-01;1.093616961713976877e-18
8.406652885618325355e-01;1.088905795213621836e-18
9.011018251665018353e-01;1.084194628713266794e-18
9.658832241158697984e-01;1.079483462212911560e-18
1.035321843295661681e+00;1.074772295712556518e-18
1.109752496412072187e+00;1.070061129212201284e-18
1.189534067370319637e+00;1.065349962711846050e-18
1.275051240713012790e+00;1.060638796211491201e-18
1.366716356462005955e+00;1.055927629711136352e-18
1.464971398307284955e+00;1.051216463210780926e-18
1.570290124729377457e+00;1.046505296710425884e-18
1.683180353330956613e+00;1.041794130210070843e-18
1.804186409392071866e+00;1.037082963709715608e-18
1.933891750455230207e+00;1.032371797209360374e-18
2.072921779595370051e+00;1.027660630709005525e-18
2.221946860939523649e+00;1.022949464208650099e-18
2.381685551976158166e+00;1.018238297708295250e-18
2.552908068239516659e+00;1.013527131207940401e-18
2.736439997074669339e+00;1.008815964707585167e-18
2.933166278390042514e+00;1.004104798207229933e-18
3.144035471591500208e+00;9.993936317068748911e-19
3.370064329271928116e+00;9.946824652065198496e-19
3.612342699709430338e+00;9.899712987061646154e-19
3.872038781812553232e+00;9.852601322058095739e-19
4.150404757850472137e+00;9.805489657054547250e-19
4.448782831127584991e+00;9.758377992050994909e-19
4.768611697714469244e+00;9.711266327047444493e-19
5.111433483440165126e+00;9.664154662043894078e-19
5.478901179593939297e+00;9.617042997040341737e-19
5.872786613189476590e+00;9.569931332036793248e-19
6.294988990221887626e+00;9.522819667033240907e-19
6.747544053110693163e+00;9.475708002029690491e-19
7.232633896483533498e+00;9.428596337026138150e-19
7.752597488629456635e+00;9.381484672022589661e-19
8.309941949353387258e+00;9.334373007019037320e-19
8.907354638610438968e+00;9.287261342015484978e-19
9.547716114208055771e+00;9.240149677011932637e-19
1.023411402105452694e+01;9.193038012008384148e-19
1.096985797892384085e+01;9.145926347004829881e-19
1.175849554052155810e+01;9.098814682001281392e-19
1.260382929679727404e+01;9.051703016997732902e-19
1.350993521198025071e+01;9.004591351994180561e-19
1.448118227674533109e+01;8.957479686990628220e-19
1.552225357427047925e+01;8.910368021987077805e-19
1.663816886076127233e+01;8.863256356983527389e-19
1.783430876931909381e+01;8.816144691979973122e-19
1.911644075385699892e+01;8.769033026976424633e-19
2.049074689815845929e+01;8.721921361972876144e-19
2.196385372416547099e+01;8.674809696969321877e-19
2.354286414322415411e+01;8.627698031965772424e-19
2.523539170434765921e+01;8.580586366962222009e-19
2.704959730463131606e+01;8.533474701958672557e-19
2.899422853882875017e+01;8.486363036955117327e-19
3.107866187782013867e+01;8.439251371951568837e-19
3.331294787934670154e+01;8.392139706948019385e-19
3.570785964900462517e+01;8.345028041944466081e-19
3.827494478516307197e+01;8.297916376940917592e-19
4.102658105827190127e+01;8.250804711937365250e-19
4.397603609302721139e+01;8.203693046933816761e-19
4.713753134116718968e+01;8.156581381930266346e-19
5.052631065335679494e+01;8.109469716926712079e-19
5.415871378079464904e+01;8.062358051923163589e-19
5.805225516094895966e+01;8.015246386919611248e-19
6.222570836730231036e+01;7.968134721916060833e-19
6.669919663030114521e+01;7.921023056912508492e-19
7.149428986597577307e+01;7.873911391908957114e-19
7.663410868007446197e+01;7.826799726905406698e-19
8.214343584919421914e+01;7.779688061901856283e-19
8.804883581643464652e+01;7.732576396898302016e-19
9.437878277775371316e+01;7.685464731894756416e-19
1.011637979766206996e+02;7.638353066891205037e-19
1.084365968689608621e+02;7.591241401887652696e-19
1.162322468679851823e+02;7.544129736884102281e-19
1.245883364295008136e+02;7.497018071880549940e-19
1.335451562929897307e+02;7.449906406877001450e-19
1.431458937523478596e+02;7.402794741873451035e-19
1.534368408930010048e+02;7.355683076869896768e-19
1.644676177994662680e+02;7.308571411866348279e-19
1.762914118095947913e+02;7.261459746862794975e-19
1.889652339691207601e+02;7.214348081859247448e-19
2.025501939230666437e+02;7.167236416855694144e-19
2.171117945694500975e+02;7.120124751852144692e-19
2.327202478960407177e+02;7.073013086848590425e-19
2.494508135230316554e+02;7.025901421845041935e-19
2.673841615839943984e+02;6.978789756841491520e-19
2.866067616948250247e+02;6.931678091837938216e-19
3.072112998861753113e+02;6.884566426834389727e-19
3.292971255097148173e+02;6.837454761830837386e-19
3.529707302730649872e+02;6.790343096827286007e-19
3.783462617131925185e+02;6.743231431823734629e-19
4.055460735840827624e+02;6.696119766820185177e-19
4.347013158125017753e+02;6.649008101816636688e-19
4.659525668664677482e+02;6.601896436813082420e-19
4.994505115855139934e+02;6.554784771809532968e-19
5.353566677410718739e+02;6.507673106805981590e-19
5.738441648302392650e+02;6.460561441802430212e-19
6.150985788580504732e+02;6.413449776798880759e-19
6.593188271333541479e+02;6.366338111795329381e-19
7.067181273927491247e+02;6.319226446791778003e-19
7.575250258771905010e+02;6.272114781788226625e-19
8.119844993184009354e+02;6.225003116784677173e-19
8.703591361485165407e+02;6.177891451781122905e-19
9.329304026284676183e+02;6.130779786777576342e-19
1.000000000000000000e+03;6.083668121774024964e-19
